 Au Density=19.32
 Energy(eV), Delta, Beta
  30.  0.153792322  0.549643338
  30.3091583  0.166867301  0.549829781
  30.6215  0.17730622  0.545373857
  30.9370594  0.187672496  0.540957868
  31.2558746  0.19804582  0.53631562
  31.5779762  0.213055715  0.525918186
  31.9033928  0.223549053  0.512363195
  32.2321663  0.229431927  0.495604128
  32.5643234  0.230399817  0.482527226
  32.8999062  0.231044516  0.470676243
  33.2389488  0.232004791  0.460195422
  33.5814857  0.23271516  0.449945718
  33.9275475  0.233198851  0.43992424
  34.2771797  0.233317599  0.430127084
  34.6304169  0.233116463  0.42053923
  34.9872894  0.232680514  0.411159515
  35.3478432  0.231831387  0.401976973
  35.7121124  0.230701417  0.392999023
  36.0801315  0.229325667  0.384221524
  36.4519463  0.22734873  0.375641316
  36.8275909  0.225033492  0.367636204
  37.2071075  0.222265154  0.360381365
  37.590538  0.220046088  0.353767723
  37.9779167  0.217992231  0.347376823
  38.3692856  0.216092795  0.341100425
  38.7646904  0.214234859  0.334938079
  39.1641693  0.212381259  0.328887254
  39.5677643  0.210482493  0.322944909
  39.9755211  0.208475798  0.317261636
  40.3874817  0.206392542  0.311792225
  40.8036804  0.204642862  0.306635022
  41.2241707  0.20297344  0.301564127
  41.6489983  0.201405749  0.296578228
  42.0781975  0.1999605  0.291674167
  42.5118256  0.198568106  0.28685087
  42.9499207  0.197274953  0.282106727
  43.3925285  0.196204454  0.277442545
  43.8396988  0.195315406  0.272783041
  44.2914772  0.194986105  0.267872512
  44.7479134  0.194279701  0.262409717
  45.2090492  0.193306297  0.256663889
  45.674942  0.191829607  0.251042783
  46.1456299  0.190224648  0.24554491
  46.62117  0.188492268  0.240167469
  47.1016159  0.186644211  0.234828129
  47.5870056  0.184660673  0.229555771
  48.0774002  0.182459608  0.22432147
  48.5728493  0.179995149  0.219205648
  49.0734062  0.177353829  0.214206412
  49.5791168  0.17430684  0.209322006
  50.0900421  0.170608684  0.2052003
  50.6062317  0.166720629  0.201576993
  51.1277428  0.163750961  0.198834896
  51.6546249  0.161072537  0.196129903
  52.1869354  0.158644244  0.193461433
  52.7247353  0.156378075  0.190830395
  53.2680779  0.154139221  0.188234851
  53.8170166  0.1519209  0.185674101
  54.3716125  0.14940618  0.183568612
  54.9319267  0.147079811  0.181738853
  55.4980125  0.145350039  0.180382296
  56.0699348  0.144004121  0.179036215
  56.647747  0.142871886  0.177700341
  57.231514  0.142118618  0.176374108
  57.8213005  0.141673177  0.175057784
  58.41716  0.141441151  0.173747078
  59.0191612  0.142177522  0.171985626
  59.6273689  0.142729953  0.169895023
  60.2418442  0.143084005  0.167402014
  60.862648  0.143387765  0.164946243
  61.4898567  0.143795758  0.162526354
  62.1235237  0.144496977  0.160141557
  62.7637177  0.146074474  0.156886175
  63.410511  0.147621319  0.153177366
  64.0639725  0.148078084  0.148592278
  64.7241745  0.148150519  0.144106403
  65.3911667  0.147949055  0.139705524
  66.0650406  0.147246331  0.134971753
  66.7458572  0.146260083  0.130398303
  67.4336853  0.14499633  0.125980005
  68.1286011  0.143355578  0.121711433
  68.8306808  0.141504109  0.117587537
  69.5400009  0.139340267  0.113603391
  70.2566223  0.136975199  0.110356286
  70.9806442  0.134664834  0.107406028
  71.7121124  0.132637069  0.104705766
  72.4511185  0.130692124  0.102073759
  73.1977463  0.128789619  0.099519439
  73.9520645  0.126826137  0.0971291438
  74.7141647  0.125011131  0.0949040651
  75.484108  0.123321466  0.092821762
  76.2619934  0.121865831  0.0907851607
  77.0478821  0.120568715  0.0886934251
  77.8418808  0.1194809  0.086506553
  78.6440659  0.118134543  0.0840632319
  79.4545059  0.116686769  0.0816313475
  80.2733002  0.115095057  0.0792693943
  81.1005402  0.113312915  0.076976046
  81.9363022  0.111346707  0.0748848468
  82.7806702  0.108684264  0.0736348405
  83.6337433  0.107586823  0.0734065175
  84.4956131  0.107562564  0.0738601908
  85.3663559  0.107933447  0.0710517094
  86.2460785  0.107931823  0.0683252737
  87.1348648  0.107510678  0.0656745359
  88.032814  0.106645629  0.0627530962
  88.9400024  0.105598383  0.0599153228
  89.8565521  0.104299858  0.0572056584
  90.782547  0.10289897  0.0546186939
  91.7180862  0.101434581  0.0520980619
  92.6632614  0.0998122543  0.0494883247
  93.6181793  0.0980209485  0.0470041819
  94.5829391  0.096129775  0.0446548462
  95.5576401  0.0939985961  0.0426165462
  96.5423813  0.0919585824  0.0407518223
  97.5372696  0.0900068507  0.0390473492
  98.5424118  0.0881360769  0.0374141745
  99.5579224  0.0863102376  0.0358492881
  100.583885  0.0845276117  0.0343498439
  101.620422  0.0827757269  0.0328342244
  102.667641  0.0810340196  0.0313574895
  103.725655  0.0792505443  0.0299186297
  104.794579  0.0774482191  0.0285455491
  105.874504  0.075648807  0.0272354055
  106.965576  0.0738098323  0.0259855948
  108.067871  0.071974501  0.0248611514
  109.181541  0.0701499432  0.0238407757
  110.306686  0.0684177801  0.0229122601
  111.44342  0.0667376369  0.0220211577
  112.591866  0.065110743  0.0211647693
  113.752151  0.0635169297  0.0203416552
  114.9244  0.0619551241  0.0195505898
  116.108719  0.0604182519  0.0187903829
  117.305252  0.0589075759  0.0180778205
  118.514107  0.0574303195  0.0174008925
  119.73542  0.0559949912  0.0167584158
  120.96933  0.0545933284  0.0161396693
  122.21595  0.053224761  0.0155437775
  123.475403  0.0518848635  0.0149698434
  124.747856  0.0505773202  0.0144171417
  126.033409  0.0493013822  0.013884902
  127.332199  0.0480978601  0.0133406278
  128.644394  0.0468988232  0.0127835739
  129.970108  0.0456698425  0.0121898586
  131.309479  0.0443970896  0.0116237588
  132.662659  0.0431082174  0.0110957241
  134.02977  0.0417481996  0.0106380116
  135.41098  0.0404604189  0.0102849687
  136.806427  0.039229434  0.00999249518
  138.216248  0.0380565561  0.00970833376
  139.640594  0.0369138047  0.00943225436
  141.079636  0.0358004719  0.00916402414
  142.533493  0.0346902534  0.00890345313
  144.002319  0.0335860364  0.00867429376
  145.486313  0.0324748829  0.00849086046
  146.985565  0.031429816  0.00835824851
  148.50029  0.0304279383  0.00823886599
  150.030624  0.0294721089  0.00812118407
  151.576721  0.0285396408  0.00800520554
  153.138763  0.0276294798  0.00789088849
  154.716888  0.0267285649  0.00777816353
  156.311295  0.0258216597  0.00767603097
  157.922104  0.0249151532  0.00758262584
  159.54953  0.0240522698  0.00758245261
  161.193726  0.0232239831  0.0075840638
  162.854858  0.0224324577  0.00758565357
  164.533127  0.0216681026  0.00758717954
  166.228683  0.0209225509  0.007588726
  167.941711  0.0201890878  0.00759035442
  169.672379  0.0194310863  0.00762049481
  171.420898  0.0186853167  0.00767234014
  173.187439  0.0179993846  0.00778164295
  174.972168  0.0173552595  0.00789259654
  176.775299  0.0167449638  0.00800519157
  178.597  0.0161675047  0.00811926369
  180.4375  0.0156122511  0.00823496748
  182.296936  0.015079366  0.00835233275
  184.175552  0.0145718623  0.00847321469
  186.073517  0.014084368  0.00859647337
  187.991058  0.0136194732  0.00872235559
  189.928345  0.0131781399  0.00885019638
  191.885605  0.0127551574  0.00897990912
  193.863037  0.0123552019  0.009111383
  195.860825  0.011977165  0.00924486015
  197.879211  0.0116175823  0.00937999319
  199.918411  0.0112940837  0.00951261166
  201.978622  0.0109846545  0.00963874161
  204.060059  0.0106885936  0.0097583048
  206.162933  0.0104120262  0.00987933297
  208.287506  0.0101519208  0.0100019025
  210.43396  0.00991254672  0.0101260673
  212.602524  0.00972713903  0.0102481321
  214.793442  0.00955691654  0.0103511941
  217.006943  0.00939184986  0.0103949169
  219.243256  0.009219395  0.0104388185
  221.502594  0.00904581044  0.0104828915
  223.785233  0.0088782683  0.0105270576
  226.0914  0.00871925149  0.0105714789
  228.421326  0.00856737141  0.0106161432
  230.775269  0.00843807589  0.0106609426
  233.153442  0.00831940398  0.0106936106
  235.556152  0.00821367186  0.0107094562
  237.983612  0.00810515601  0.0107136825
  240.436081  0.00799697824  0.0107159307
  242.913834  0.00788965076  0.0107180867
  245.417114  0.0077900202  0.0107203117
  247.946198  0.0076974337  0.0107225636
  250.501358  0.00762469415  0.0107248249
  253.082825  0.00755594531  0.0107083032
  255.690903  0.00748949451  0.0106790792
  258.325867  0.00741875684  0.0106468759
  260.987946  0.00734985759  0.0106147723
  263.677521  0.00728299143  0.0105827665
  266.394775  0.0072239805  0.0105508659
  269.140045  0.00717124296  0.0105190584
  271.913574  0.00712924032  0.0104873413
  274.715698  0.00710650021  0.0104336655
  277.546722  0.00708488794  0.0103687355
  280.406921  0.00705082342  0.0102850106
  283.296539  0.0070081735  0.010201972
  286.216003  0.00696047489  0.0101196049
  289.165497  0.00691153342  0.0100378757
  292.145447  0.00686246715  0.00995683018
  295.156067  0.00681325328  0.00987646542
  298.197723  0.00676621497  0.00979670882
  301.270721  0.0067203925  0.00971760228
  304.375397  0.00667672791  0.00963915419
  307.512054  0.00664025452  0.00956131425
  310.68103  0.00660582306  0.00948009919
  313.88266  0.00657446915  0.00938783865
  317.11731  0.00653970987  0.00929345936
  320.385284  0.00650263391  0.00919867121
  323.68692  0.00646333024  0.00910484046
  327.022583  0.00642424822  0.00901196431
  330.392609  0.00638510287  0.0089200316
  333.797394  0.00634839293  0.00882906094
  337.237244  0.00631276425  0.00873901602
  340.712555  0.00627884595  0.00864988565
  344.223694  0.00625022547  0.00856164005
  347.770996  0.00622651679  0.00847406965
  351.354858  0.00621350016  0.00838688947
  354.975647  0.00619711308  0.00827693287
  358.633759  0.00617710268  0.00815991685
  362.329559  0.00614928547  0.00804456975
  366.063446  0.00611772016  0.00793084409
  369.835815  0.00608337717  0.00781872123
  373.647095  0.00604744721  0.00770818954
  377.497589  0.00601078616  0.00759922946
  381.387787  0.00597346481  0.00749181444
  385.318085  0.00593673019  0.00738590769
  389.288879  0.00590023492  0.00728149619
  393.300598  0.00586475432  0.00717855338
  397.353638  0.00583375199  0.00707706716
  401.448456  0.00580429053  0.00697404658
  405.58548  0.00577785447  0.00686172303
  409.765137  0.00574632268  0.00674689608
  413.987885  0.00571125606  0.00663168402
  418.25412  0.00567062944  0.00651841564
  422.564301  0.00562865334  0.0064070886
  426.918915  0.00558546139  0.00629766891
  431.31842  0.00554128177  0.00619011186
  435.763275  0.00549664441  0.00608438952
  440.253937  0.00545164803  0.00598046603
  444.790833  0.00540799974  0.0058783358
  449.374481  0.00536480872  0.00577689055
  454.005402  0.00532270828  0.00567419641
  458.684052  0.00527796708  0.00557067664
  463.410889  0.00523167197  0.00546789728
  468.186462  0.00518341362  0.00536701968
  473.01123  0.00513442559  0.00526800659
  477.885712  0.00508488435  0.00517082121
  482.810425  0.00503473356  0.00507541373
  487.785919  0.00498440955  0.00498177251
  492.812622  0.00493391184  0.00488986773
  497.891235  0.00488337083  0.00479965424
  503.022095  0.00483300164  0.00471110269
  508.205841  0.00478301849  0.0046241805
  513.442993  0.00473316899  0.00453813793
  518.734192  0.00468333671  0.00445338897
  524.079834  0.00463325996  0.00436996529
  529.480652  0.0045832512  0.00428809877
  534.937073  0.00453334628  0.00420776289
  540.449707  0.00448371936  0.00412893435
  546.019165  0.00443438813  0.00405158149
  551.645996  0.00438537402  0.00397568103
  557.330872  0.00433699274  0.0039012013
  563.07428  0.00428925036  0.00382799818
  568.876892  0.00424245978  0.00375594967
  574.739258  0.00419562496  0.00368415611
  580.662109  0.0041488749  0.00361343706
  586.645996  0.00410222309  0.00354408287
  592.691528  0.00405592239  0.00347605417
  598.799316  0.00400994066  0.00340933027
  604.970093  0.00396457454  0.0033438867
  611.204468  0.00391975418  0.00327969994
  617.503052  0.00387543975  0.0032167465
  623.866577  0.00383219938  0.00315500028
  630.295654  0.00378971105  0.00309444126
  636.791016  0.00374820642  0.0030350436
  643.353333  0.00370919425  0.00297678611
  649.983215  0.00367164821  0.0029181533
  656.681458  0.00363668078  0.00285659684
  663.448669  0.00359946163  0.0027930385
  670.285645  0.00356088462  0.00272950716
  677.193115  0.00351948198  0.00266742683
  684.171753  0.00347766327  0.00260675349
  691.222351  0.00343561918  0.00254745712
  698.34552  0.00339306612  0.00248951651
  705.542175  0.00335056847  0.0024328928
  712.812927  0.00330807921  0.00237755571
  720.15863  0.00326532521  0.00232347869
  727.580078  0.00322281988  0.00227081822
  735.077942  0.00318061188  0.00221975986
  742.653076  0.00313892378  0.00216986472
  750.306274  0.00309768901  0.00212109671
  758.03833  0.00305695226  0.00207342673
  765.850098  0.00301674102  0.00202682614
  773.742371  0.00297700963  0.0019812719
  781.716003  0.00293794787  0.00193674327
  789.77179  0.00290015666  0.00189321046
  797.910522  0.00286363973  0.00185065123
  806.133179  0.00282708276  0.00180631736
  814.440613  0.0027903975  0.0017628104
  822.833557  0.00275331526  0.00172035047
  831.313049  0.00271641556  0.0016789143
  839.879944  0.00267985347  0.00163847709
  848.535095  0.00264372234  0.00159901485
  857.279419  0.00260809949  0.00156050303
  866.113953  0.00257318071  0.00152289972
  875.039429  0.00254114927  0.00148603902
  884.056885  0.00250881445  0.00144760706
  893.167297  0.00247627194  0.00140804145
  902.371643  0.00244187191  0.00136955618
  911.670776  0.00240747468  0.00133212353
  921.065796  0.00237303181  0.00129571441
  930.557556  0.0023386816  0.00126029982
  940.147217  0.00230472442  0.00122585299
  949.835571  0.00227128225  0.00119234796
  959.623901  0.00223824359  0.00115890719
  969.513  0.00220550247  0.00112597179
  979.504028  0.00217252364  0.00109345722
  989.598083  0.00213961001  0.00106188143
  999.796143  0.00210687146  0.00103121763
  1010.09924  0.00207440881  0.00100143498
  1020.50854  0.00204299577  0.000972514914
  1031.02515  0.00201273547  0.000944433385
  1041.65015  0.00198287005  0.000914677628
  1052.38464  0.00195270765  0.000885069254
  1063.22961  0.00192150066  0.000855447841
  1074.18652  0.00188971101  0.000826813863
  1085.25623  0.00185790902  0.000799138215
  1096.44006  0.00182588678  0.000772389641
  1107.73914  0.00179396069  0.000746535312
  1119.15454  0.00176228175  0.000721545948
  1130.68787  0.00173059106  0.000697394309
  1142.33972  0.00169920269  0.00067404774
  1154.11182  0.00166811142  0.000651478942
  1166.00525  0.00163713028  0.000629660848
  1178.02112  0.00160651538  0.000608573318
  1190.16089  0.00157617475  0.000588191557
  1202.4259  0.00154594658  0.000568493444
  1214.81714  0.00151598942  0.000549527293
  1227.33618  0.00148598233  0.000531425583
  1239.98413  0.00145670993  0.00051459868
  1252.76245  0.00142811181  0.000498635054
  1265.67249  0.00140032964  0.000483168464
  1278.71558  0.00137315202  0.000468180311
  1291.89294  0.00134655612  0.000453656219
  1305.20618  0.00132079155  0.000439583353
  1318.65674  0.00129546667  0.000425585109
  1332.24573  0.00127053866  0.000411520217
  1345.97485  0.00124569179  0.000397786644
  1359.84546  0.00122114271  0.000384488143
  1373.85901  0.0011967842  0.000371636299
  1388.01697  0.00117273466  0.000359213416
  1402.3208  0.00114901352  0.000347205671
  1416.77209  0.00112528575  0.000335600402
  1431.37219  0.0011020524  0.000324803812
  1446.1228  0.00107930938  0.000314650766
  1461.02539  0.00105750712  0.000304905232
  1476.08167  0.00103656284  0.000295448757
  1491.29297  0.00101653219  0.000286270282
  1506.66113  0.000996371615  0.00027530748
  1522.18762  0.000976124429  0.000264493137
  1537.87415  0.0009554149  0.000254071085
  1553.72217  0.000934247568  0.000244354975
  1569.73376  0.000913240481  0.000235304076
  1585.91028  0.000892614131  0.000227416487
  1602.25342  0.000872681092  0.00021984581
  1618.76489  0.000853336358  0.000212553379
  1635.44678  0.000834580453  0.000205440083
  1652.30042  0.000815954816  0.000198216774
  1669.32764  0.000797463057  0.000190906707
  1686.53052  0.000778775779  0.000184209348
  1703.91064  0.000760540424  0.000177957103
  1721.46985  0.000742836506  0.000172228014
  1739.20996  0.000725275255  0.000166312995
  1757.13293  0.000707937288  0.00016067129
  1775.2406  0.000690624933  0.000155719885
  1793.53491  0.000674090756  0.000151178305
  1812.0177  0.000658082892  0.000146789025
  1830.69104  0.000642144121  0.000141687997
  1849.55664  0.000626189169  0.00013695212
  1868.6167  0.000610291783  0.000132528614
  1887.87329  0.000595025369  0.000128687359
  1907.32825  0.000580080145  0.000124699713
  1926.98364  0.00056542235  0.000120464807
  1946.84167  0.000550259138  0.00011607301
  1966.90454  0.000535117812  0.000111900001
  1987.17383  0.000519845635  0.000108151369
  2007.6521  0.000504681317  0.000104612191
  2028.34143  0.000489683182  0.000101189129
  2049.24414  0.000474414672  9.77052332E-05
  2070.36182  0.000458847877  9.42770712E-05
  2091.69751  0.000443183555  9.09234586E-05
  2113.25293  0.000426265877  8.76108898E-05
  2135.03027  0.000408626016  8.44342649E-05
  2157.03247  0.000390094967  8.13901279E-05
  2179.26099  0.000367800094  7.83344149E-05
  2201.71899  0.000339928258  7.91730563E-05
  2224.4082  0.000301313557  8.85495392E-05
  2247.3313  0.000286646187  0.000119780059
  2270.49072  0.000279809552  0.000160623982
  2293.88867  0.000274960796  0.000162998898
  2317.52734  0.000274310471  0.000181323267
  2341.41016  0.000276947336  0.000210764192
  2365.53882  0.000293364574  0.000213978696
  2389.9165  0.000306228758  0.000214331405
  2414.54492  0.00031575028  0.000211825463
  2439.42749  0.000318812177  0.000206730227
  2464.56641  0.000320658728  0.000201800925
  2489.96436  0.000321358879  0.000197343848
  2515.62402  0.000321314059  0.000192470587
  2541.5481  0.000320664694  0.000187369762
  2567.73926  0.00031887347  0.000181709314
  2594.20044  0.000315508078  0.000176399131
  2620.93433  0.000311505108  0.000171538893
  2647.9436  0.000308045506  0.000168455095
  2675.23145  0.000302349945  0.000164386001
  2702.80005  0.000294935133  0.000159579344
  2730.65332  0.000289161806  0.000164032783
  2758.79346  0.000286729948  0.00016672592
  2787.22314  0.000288667943  0.000166574027
  2815.94629  0.00028973131  0.00016237759
  2844.96533  0.000289802992  0.000157723451
  2874.2832  0.000288013107  0.00015347403
  2903.90356  0.000286097871  0.000149132728
  2933.82886  0.000283984293  0.000144745019
  2964.0625  0.000281166198  0.000140007804
  2994.60791  0.000277984916  0.000135512804
  3025.46826  0.000274565973  0.000131223132
  3056.64624  0.000270909804  0.000127162639
  3088.14575  0.000266836345  0.000123146732
  3119.96973  0.00026230095  0.000119166099
  3152.12183  0.000258096174  0.000117242489
  3184.60498  0.000254514191  0.000115482762
  3217.42334  0.00025201746  0.000113577895
  3250.57959  0.000249477045  0.000110289424
  3284.07764  0.000246786018  0.000106700696
  3317.92065  0.000243570437  0.000103296239
  3352.11279  0.00023998566  9.99741678E-05
  3386.65698  0.000236215012  9.68034583E-05
  3421.55737  0.000232378981  9.44712228E-05
  3456.81714  0.000229221274  9.22208928E-05
  3492.44067  0.000226685224  9.00485902E-05
  3528.43091  0.000224008167  8.67421259E-05
  3564.79224  0.000221015885  8.35787796E-05
  3601.52832  0.000217533947  8.06751268E-05
  3638.64282  0.000214083208  7.79245383E-05
  3676.13989  0.000210664773  7.52845153E-05
  3714.02344  0.000207255522  7.27494262E-05
  3752.29736  0.000203881544  7.03183759E-05
  3790.96558  0.000200547162  6.79667137E-05
  3830.03247  0.00019722963  6.56203047E-05
  3869.50195  0.000193917294  6.33520467E-05
  3909.37769  0.000190620922  6.11601281E-05
  3949.66504  0.000187327139  5.90534437E-05
  3990.36719  0.000184080767  5.7020352E-05
  4031.48901  0.000180879506  5.505831E-05
  4073.03418  0.000177686539  5.31193145E-05
  4115.00781  0.000174553468  5.12551196E-05
  4157.41357  0.000171503372  4.9488488E-05
  4200.25732  0.000168295344  4.75812012E-05
  4243.5415  0.000165065809  4.57585047E-05
  4287.27197  0.000161876451  4.44190555E-05
  4331.45361  0.000158878611  4.29619395E-05
  4376.09033  0.000156018286  4.14526876E-05
  4421.18701  0.000153116664  4.00494573E-05
  4466.74854  0.000150266904  3.86723223E-05
  4512.7793  0.000147467872  3.73191724E-05
  4559.28467  0.000144688136  3.60233389E-05
  4606.26904  0.000141951212  3.47698115E-05
  4653.73779  0.000139254582  3.35527111E-05
  4701.6958  0.000136590548  3.23800996E-05
  4750.14746  0.000133967173  3.12495322E-05
  4799.09912  0.000131375957  3.01601995E-05
  4848.55518  0.00012882892  2.91203087E-05
  4898.52051  0.000126326631  2.81218017E-05
  4949.00049  0.000123856298  2.71512799E-05
  5000.00146  0.000121432407  2.62338126E-05