 C Density=2.2
 Energy(eV), Delta, Beta
  50.  0.12623255  0.0430617109
  50.5337219  0.123619579  0.0417039357
  51.0731392  0.121054076  0.0403888486
  51.6183205  0.118535578  0.0391152352
  52.1693153  0.116062313  0.0378818251
  52.7261925  0.113613948  0.0366874747
  53.2890129  0.111194193  0.0355626941
  53.8578453  0.108797595  0.0345147103
  54.4327507  0.106512032  0.0335497297
  55.0137863  0.104295887  0.0326166824
  55.6010323  0.102148853  0.0317095257
  56.1945381  0.100065589  0.0308275539
  56.7943878  0.0980340242  0.0299700964
  57.400631  0.0960548222  0.0291364975
  58.0133514  0.0941302553  0.0283261966
  58.6326141  0.0922532454  0.0275383983
  59.2584839  0.0904257819  0.0267724246
  59.8910332  0.0886581764  0.0260278154
  60.5303345  0.0869463459  0.0252918899
  61.1764679  0.0853008106  0.0245533828
  61.8294907  0.0836642236  0.0237672701
  62.4894867  0.0820407569  0.0229918994
  63.1565285  0.0804196224  0.0222418811
  63.8306847  0.0788163915  0.0215162542
  64.5120468  0.0772383064  0.0208142493
  65.200676  0.075683929  0.02013514
  65.8966522  0.0741541162  0.0194782484
  66.6000595  0.0726514906  0.0188427921
  67.3109818  0.0711743608  0.0182280727
  68.0294876  0.0697229803  0.0176334083
  68.755661  0.0682986453  0.0170581527
  69.4895935  0.0668998286  0.01650168
  70.2313538  0.0655266494  0.0159632936
  70.981041  0.0641797259  0.0154424459
  71.7387238  0.0628575981  0.0149386516
  72.5044937  0.0615604483  0.0144513166
  73.2784348  0.0602885671  0.0139798839
  74.0606461  0.0590405948  0.0135237882
  74.8511963  0.057816606  0.0130826002
  75.6501923  0.0566167161  0.0126558086
  76.4577179  0.0554397516  0.0122429309
  77.2738571  0.0542857349  0.01184351
  78.0987167  0.0531546585  0.0114571135
  78.932373  0.0520453751  0.0110833496
  79.7749329  0.050958015  0.0107217589
  80.6264877  0.0498924591  0.0103719654
  81.4871216  0.0488476269  0.0100335944
  82.3569565  0.0478235483  0.00970625598
  83.2360764  0.0468201078  0.0093895914
  84.1245728  0.0458364002  0.00908327103
  85.0225525  0.0448724069  0.00878693722
  85.9301224  0.0439279228  0.00850026309
  86.847374  0.043001987  0.00822295807
  87.7744293  0.0420947969  0.00795468967
  88.7113724  0.0412061252  0.00769516826
  89.6583176  0.0403349809  0.00744412141
  90.6153641  0.0394815542  0.00720126461
  91.582634  0.0386455543  0.00696632778
  92.5602264  0.0378261395  0.00673905527
  93.5482559  0.0370234549  0.00651920121
  94.5468292  0.0362372249  0.0063065202
  95.5560608  0.0354666635  0.0061007794
  96.5760727  0.0347119085  0.00590174459
  97.6069717  0.0339726657  0.00570920482
  98.6488647  0.0332481377  0.00552294729
  99.701889  0.0325385518  0.00534276059
  100.766144  0.0318436101  0.00516845426
  101.841774  0.0311625469  0.00499983318
  102.928879  0.0304955654  0.00483672041
  104.02758  0.0298423413  0.0046789418
  105.138016  0.0292022284  0.00452628406
  106.260315  0.0285753738  0.00437861541
  107.394577  0.0279614795  0.004235778
  108.540955  0.0273599178  0.00409758603
  109.69957  0.0267708581  0.0039638998
  110.870552  0.0261939801  0.00383457099
  112.054039  0.0256287232  0.00370946946
  113.250145  0.025075255  0.00358845107
  114.459023  0.0245332438  0.00347137987
  115.680817  0.0240021702  0.00335813826
  116.915642  0.0234821979  0.00324858702
  118.163658  0.0229729991  0.00314259692
  119.424988  0.0224741064  0.00304007251
  120.699776  0.0219856687  0.00294089504
  121.988174  0.0215073768  0.00284495158
  123.290337  0.0210388023  0.00275213481
  124.606392  0.0205800887  0.00266234949
  125.936493  0.0201309472  0.0025755039
  127.280792  0.0196910743  0.00249147089
  128.63945  0.0192605723  0.00241017947
  130.012589  0.0188392363  0.00233155559
  131.400421  0.0184274446  0.00225549703
  132.80304  0.0180243589  0.00218088878
  134.220642  0.0176291764  0.00210628542
  135.653366  0.0172408614  0.00203423807
  137.101395  0.0168601125  0.00196465384
  138.56488  0.016486505  0.0018974453
  140.043976  0.0161200892  0.00183253735
  141.538864  0.015761137  0.00176985259
  143.049713  0.0154091921  0.00170931919
  144.576691  0.015064152  0.00165084761
  146.119965  0.0147262122  0.00159437547
  147.679718  0.0143948896  0.00153983862
  149.256104  0.0140701393  0.0014871672
  150.849335  0.0137520917  0.00143629627
  152.459579  0.0134402188  0.00138715701
  154.08699  0.0131345754  0.00133970845
  155.731781  0.0128352623  0.0012938868
  157.394135  0.0125417197  0.00124962686
  159.074219  0.0122540211  0.00120687822
  160.772247  0.0119722756  0.00116559013
  162.488419  0.0116959335  0.001125718
  164.222885  0.0114250993  0.00108721468
  165.975876  0.0111598605  0.0010500286
  167.747574  0.0108996108  0.00101410702
  169.538177  0.0106445476  0.000979416538
  171.3479  0.0103947492  0.000945913896
  173.176941  0.0101495786  0.000913559343
  175.025513  0.0099093141  0.000882308872
  176.893814  0.00967401918  0.000852125871
  178.782059  0.00944304373  0.000822977629
  180.69046  0.00921679009  0.000794827705
  182.619232  0.00899536256  0.000767640769
  184.568588  0.00877913646  0.000741379801
  186.538742  0.00856667385  0.000714058115
  188.529938  0.00835804828  0.000686234154
  190.542404  0.00815106463  0.000659427547
  192.57634  0.0079476228  0.000633670832
  194.631989  0.00774781685  0.00060892303
  196.709564  0.00755030615  0.000585139554
  198.809326  0.00735630235  0.000562284316
  200.931503  0.00716583105  0.000540320994
  203.07634  0.0069773742  0.000519216759
  205.244064  0.00679223938  0.00049893785
  207.434937  0.00661033439  0.000479451584
  209.649185  0.00643003872  0.000460722571
  211.88707  0.0062527624  0.000442726974
  214.148849  0.00607833918  0.000425435865
  216.434769  0.00590497395  0.000408818189
  218.745087  0.00573417451  0.000392942195
  221.080063  0.0055656503  0.000377794466
  223.439972  0.00539793493  0.0003636115
  225.825073  0.00523259258  0.000349987211
  228.235626  0.00506918877  0.000336873025
  230.671906  0.00490554748  0.000324249617
  233.134201  0.00474363798  0.000312099146
  235.622787  0.00458277203  0.000300404557
  238.137909  0.00442034798  0.000289147632
  240.679901  0.00425883243  0.0002783128
  243.249039  0.00409711059  0.000267885218
  245.845581  0.00393265998  0.00025746919
  248.469849  0.00376743497  0.000246844051
  251.122116  0.00359903299  0.000235689557
  253.802704  0.00342215202  0.000225040509
  256.511902  0.00324165821  0.000214872372
  259.250031  0.00305360043  0.000205162432
  262.017395  0.00284895115  0.000195891887
  264.81427  0.00263375626  0.000187040525
  267.641022  0.00239831954  0.000178589311
  270.497955  0.00211819937  0.000170519663
  273.385345  0.00179756142  0.000162814438
  276.303589  0.00139742566  0.000155457165
  279.252991  0.000705437153  0.000148432882
  282.233826 -0.0010544745  0.000141726137
  285.246552 -0.00180598954  0.00389914913
  288.291382  0.000528586854  0.00376810762
  291.368713  0.00140043057  0.0036414715
  294.478912  0.00181563839  0.00351908826
  297.622314  0.00210487377  0.00340082054
  300.799286  0.00232725241  0.00328652235
  304.010132  0.00248633162  0.00317605911
  307.25528  0.00260931905  0.00306932419
  310.535034  0.00270952657  0.00296618021
  313.849823  0.00278389524  0.00286648911
  317.200012  0.00284149637  0.00277014752
  320.585938  0.00288755912  0.0026770439
  324.008026  0.00291963946  0.00258706952
  327.466644  0.00294235256  0.00250012847
  330.962158  0.00295828329  0.00241611153
  334.494995  0.00296565401  0.00233490579
  338.065521  0.00296735181  0.00225642952
  341.674194  0.00296478625  0.00218059053
  345.321381  0.00295663346  0.00210730755
  349.007477  0.00294491695  0.00203648792
  352.732941  0.00293045957  0.00196804712
  356.498169  0.00291230506  0.00190190505
  360.303589  0.00289194775  0.00183798536
  364.149628  0.00286987238  0.00177621434
  368.036713  0.00284550921  0.00171651738
  371.965302  0.00282029877  0.00165882742
  375.935852  0.00279437285  0.0016028973
  379.94873  0.00276708929  0.0015464219
  384.004486  0.00273802713  0.00149106339
  388.103516  0.00270750583  0.00143701164
  392.246307  0.00267422316  0.00138492067
  396.433319  0.00264014164  0.00133471796
  400.665009  0.00260541751  0.00128633436
  404.941895  0.0025694333  0.00123970374
  409.264435  0.00253311638  0.00119476323
  413.633057  0.00249653892  0.00115145207
  418.04837  0.00245920219  0.00110971241
  422.510803  0.00242182589  0.00106948533
  427.020874  0.00238441559  0.00103071483
  431.579102  0.00234662485  0.000993349007
  436.185944  0.00230897125  0.000957339595
  440.84201  0.00227144011  0.000922636245
  445.547729  0.00223379349  0.000889191055
  450.303711  0.00219641253  0.000856956642
  455.110443  0.00215926883  0.000825890573
  459.968506  0.0021221959  0.0007959535
  464.878418  0.0020854841  0.000767100195
  469.840729  0.00204909896  0.00073929166
  474.855988  0.00201294571  0.000712493667
  479.924835  0.00197725906  0.000686659012
  485.04776  0.00194201979  0.000661748811
  490.225372  0.00190700963  0.000637456193
  495.458282  0.00187237863  0.000614020159
  500.747009  0.00183805672  0.000591444492
  506.092224  0.00180402619  0.00056969875
  511.494446  0.00177045038  0.000548753014
  516.954346  0.00173728354  0.000528578297
  522.472595  0.00170448935  0.000509143865
  528.049683  0.00167217827  0.000490424107
  533.686279  0.0016403062  0.000472392305
  539.383057  0.00160884787  0.000455024274
  545.140686  0.00157788326  0.000438294461
  550.959778  0.00154736987  0.000422179612
  556.841003  0.00151729549  0.000406657462
  562.784973  0.00148771668  0.000391705893
  568.792358  0.00145859318  0.000377302786
  574.863892  0.0014299202  0.000363430881
  581.000244  0.00140173896  0.000350069342
  587.202087  0.00137401093  0.000337199453
  593.470154  0.00134673761  0.000324801775
  599.805115  0.00131994719  0.000312859396
  606.207703  0.00129360391  0.000301356107
  612.67865  0.00126771035  0.000290276657
  619.218628  0.00124228687  0.000279604661
  625.82843  0.00121730205  0.000269323762
  632.508789  0.00119275879  0.000259421795
  639.260498  0.00116866978  0.000249883917
  646.084229  0.00114500499  0.000240695852
  652.980835  0.00112176489  0.000231846672
  659.95105  0.00109895482  0.000223322917
  666.995605  0.0010765302  0.000215111402
  674.115417  0.0010545007  0.000207291858
  681.311218  0.00103290146  0.000199820439
  688.583862  0.00101179897  0.000192724328
  695.934082  0.000991317444  0.000185906523
  703.362793  0.000971367641  0.000179292983
  710.870789  0.000951914408  0.000172592976
  718.458923  0.00093267113  0.000165989986
  726.128113  0.00091369031  0.000159549905
  733.87915  0.000894944242  0.000153360641
  741.71283  0.000876521866  0.000147411556
  749.630249  0.000858431798  0.000141693105
  757.632141  0.000840646971  0.000136196439
  765.719421  0.000823196548  0.000130912449
  773.893066  0.00080608041  0.000125832768
  782.153931  0.000789274753  0.000120948753
  790.502991  0.000772795756  0.000116253548
  798.941162  0.000756640686  0.000111740024
  807.46936  0.000740788644  0.000107401102
  816.088684  0.000725252496  0.000103230872
  824.799988  0.000710027816  9.92229252E-05
  833.604248  0.000695100229  9.5371237E-05
  842.502502  0.0006804773  9.16649151E-05
  851.495728  0.000666153501  8.8098961E-05
  860.585022  0.000652109447  8.46632465E-05
  869.771301  0.000638348807  8.13579754E-05
  879.055603  0.000624865643  7.81783019E-05
  888.438965  0.000611646741  7.51235275E-05
  897.922607  0.000598699844  7.21880788E-05
  907.507446  0.000586019247  6.93674228E-05
  917.19458  0.000573596917  6.66572087E-05
  926.985046  0.000561432797  6.40487488E-05
  936.880127  0.000549520773  6.15372774E-05
  946.880798  0.000537847343  5.91229582E-05
  956.98822  0.000526416232  5.68027681E-05
  967.203491  0.000515221909  5.45729636E-05
  977.527893  0.000504257332  5.24298666E-05
  987.962463  0.000493522035  5.03710871E-05
  998.508423  0.000483010372  4.83934091E-05
  1009.16693  0.000472717715  4.64936493E-05
  1019.93921  0.000462644704  4.46697086E-05
  1030.82642  0.00045278779  4.29191714E-05
  1041.82996  0.000443143188  4.12266236E-05
  1052.95093  0.000433699082  3.95945972E-05
  1064.19055  0.0004244468  3.80191668E-05
  1075.55029  0.000415382878  3.65070809E-05
  1087.03113  0.000406509149  3.50550399E-05
  1098.63464  0.000397821277  3.36604098E-05
  1110.36194  0.000389314984  3.23204877E-05
  1122.21436  0.000380988349  3.10340656E-05
  1134.19336  0.000372836745  2.97994939E-05
  1146.30029  0.000364857726  2.86141931E-05
  1158.53638  0.000357048411  2.74759805E-05
  1170.90308  0.000349404843  2.63828115E-05
  1183.40186  0.000341923966  2.5333391E-05
  1196.03406  0.000334602955  2.43257491E-05
  1208.80103  0.000327438698  2.33580868E-05
  1221.70435  0.000320428022  2.24287596E-05
  1234.74536  0.000313567958  2.15354667E-05
  1247.92554  0.000306856207  2.06751138E-05
  1261.24634  0.00030028788  1.98464331E-05
  1274.70947  0.00029385899  1.90489936E-05
  1288.31641  0.000287564035  1.82800577E-05
  1302.06848  0.000281401823  1.75423411E-05
  1315.96729  0.000275370548  1.68344814E-05
  1330.0144  0.000269467593  1.61551525E-05
  1344.21155  0.000263690541  1.55031248E-05
  1358.56042  0.00025803686  1.48773706E-05
  1373.06226  0.00025250396  1.4276975E-05
  1387.71887  0.000247089542  1.37008265E-05
  1402.53198  0.00024179116  1.31479092E-05
  1417.5033  0.00023660672  1.26172608E-05
  1432.63428  0.000231533573  1.2108012E-05
  1447.92688  0.000226569347  1.16192705E-05
  1463.38257  0.000221712427  1.11501095E-05
  1479.00342  0.000216959772  1.0699564E-05
  1494.79102  0.000212309213  1.02668464E-05
  1510.74707  0.000207759105  9.85020324E-06
  1526.87341  0.000203306015  9.45034571E-06
  1543.172  0.000198947964  9.06663081E-06
  1559.64441  0.000194683744  8.69846372E-06
  1576.29285  0.000190511055  8.34523325E-06
  1593.1189  0.000186427991  8.00635098E-06
  1610.12439  0.000182432792  7.68123209E-06
  1627.31177  0.000178523507  7.36929678E-06
  1644.68237  0.000174698376  7.07002982E-06
  1662.23828  0.000170955725  6.78294737E-06
  1679.98181  0.000167293751  6.50751963E-06
  1697.91467  0.00016371072  6.24328595E-06
  1716.03894  0.000160205411  5.98984298E-06
  1734.35669  0.000156775728  5.74607657E-06
  1752.87  0.000153419984  5.51166386E-06
  1771.58093  0.000150135878  5.28643977E-06
  1790.49146  0.000146922321  5.07029154E-06
  1809.60413  0.000143777695  4.86284534E-06
  1828.92053  0.000140700693  4.66389656E-06
  1848.44324  0.000137689785  4.47310094E-06
  1868.17432  0.000134743619  4.29012562E-06
  1888.11609  0.000131861118  4.11463543E-06
  1908.27063  0.000129040491  3.94632661E-06
  1928.64038  0.0001262804  3.78490131E-06
  1949.22754  0.000123579957  3.63008303E-06
  1970.03442  0.000120937555  3.48159483E-06
  1991.06348  0.000118352  3.33917069E-06
  2012.31689  0.000115822389  3.20323443E-06
  2033.79724  0.000113347436  3.0724425E-06
  2055.50684  0.000110926128  2.94634469E-06
  2077.44824  0.000108556538  2.82537258E-06
  2099.62378  0.000106237778  2.70933515E-06
  2122.03638  0.000103968829  2.598018E-06
  2144.68774  0.000101748759  2.49121126E-06
  2167.58105  9.95763185E-05  2.38876851E-06
  2190.71875  9.74505892E-05  2.29050579E-06
  2214.10352  9.53706549E-05  2.19621961E-06
  2237.73779  9.3335344E-05  2.10579151E-06
  2261.62451  9.13437907E-05  2.01906323E-06
  2285.76611  8.93949618E-05  1.93585902E-06
  2310.16553  8.74879406E-05  1.856062E-06
  2334.8252  8.56220577E-05  1.77953075E-06
  2359.74805  8.37961779E-05  1.70607939E-06
  2384.93701  8.20094428E-05  1.63564084E-06
  2410.39478  8.02611539E-05  1.56810881E-06
  2436.12451  7.85503798E-05  1.50333324E-06
  2462.12891  7.68762548E-05  1.44120895E-06
  2488.41064  7.52381166E-05  1.38160431E-06
  2514.97314  7.36351576E-05  1.32445678E-06
  2541.81909  7.20665194E-05  1.26966427E-06
  2568.95142  7.05315324E-05  1.21711366E-06
  2596.37354  6.90295565E-05  1.16669071E-06
  2624.08838  6.75597403E-05  1.11834322E-06
  2652.09912  6.61214362E-05  1.07201492E-06
  2680.40869  6.47140041E-05  1.0275495E-06
  2709.02051  6.33366799E-05  9.84904887E-07
  2737.93799  6.19888669E-05  9.4402111E-07
  2767.16382  6.06699687E-05  9.04820183E-07
  2796.7019  5.93792611E-05  8.67240999E-07
  2826.55518  5.81162167E-05  8.3122768E-07
  2856.72681  5.68802679E-05  7.96650795E-07
  2887.2207  5.56707128E-05  7.63488515E-07
  2918.04028  5.44870782E-05  7.3173112E-07
  2949.18872  5.33287894E-05  7.01269471E-07
  2980.66968  5.21952534E-05  6.72060139E-07
  3012.48657  5.10860664E-05  6.44054467E-07
  3044.64331  5.00005408E-05  6.17199589E-07
  3077.14307  4.89381673E-05  5.91455318E-07
  3109.98999  4.78985894E-05  5.66768961E-07
  3143.18726  4.68812214E-05  5.43102885E-07
  3176.73901  4.58855575E-05  5.20418268E-07
  3210.64917  4.49112085E-05  4.98666395E-07
  3244.92065  4.39576688E-05  4.77813671E-07
  3279.55859  4.30244545E-05  4.57825735E-07
  3314.56592  4.21112236E-05  4.38659896E-07
  3349.94727  4.12174704E-05  4.20290149E-07
  3385.70605  4.0342773E-05  4.02685231E-07
  3421.84644  3.94868075E-05  3.85801883E-07
  3458.3728  3.86490829E-05  3.69619841E-07
  3495.28882  3.7829217E-05  3.5411162E-07
  3532.59937  3.70268863E-05  3.3924033E-07
  3570.30786  3.62416577E-05  3.24987667E-07
  3608.4187  3.54731637E-05  3.11328819E-07
  3646.93677  3.47210662E-05  2.98233545E-07
  3685.86572  3.39849976E-05  2.85685076E-07
  3725.21021  3.32645941E-05  2.73659566E-07
  3764.97461  3.25595756E-05  2.62130214E-07
  3805.16357  3.18695602E-05  2.51080962E-07
  3845.78174  3.11942385E-05  2.4049055E-07
  3886.83325  3.05333524E-05  2.30341371E-07
  3928.323  2.98865052E-05  2.20616997E-07
  3970.25562  2.92533914E-05  2.11298115E-07
  4012.63623  2.86338054E-05  2.02409566E-07
  4055.46875  2.80274071E-05  1.93875877E-07
  4098.7583  2.74339181E-05  1.85673343E-07
  4142.51074  2.68530657E-05  1.77811003E-07
  4186.72949  2.62845642E-05  1.70281297E-07
  4231.42041  2.57281481E-05  1.63069771E-07
  4276.58838  2.51835827E-05  1.56157981E-07
  4322.23877  2.46505751E-05  1.49537669E-07
  4368.37598  2.41289054E-05  1.43197042E-07
  4415.00635  2.3618335E-05  1.3712328E-07
  4462.13379  2.31186132E-05  1.31305271E-07
  4509.76465  2.26295051E-05  1.25731489E-07
  4557.90381  2.21508108E-05  1.2039186E-07
  4606.55713  2.168227E-05  1.1527716E-07
  4655.72949  2.12236919E-05  1.103773E-07
  4705.42676  2.07748672E-05  1.05685018E-07
  4755.6543  2.03355612E-05  1.01191404E-07
  4806.41846  1.99055703E-05  9.68873621E-08
  4857.72461  1.9484738E-05  9.27649708E-08
  4909.57764  1.90728388E-05  8.88171243E-08
  4961.98486  1.86696689E-05  8.50360493E-08
  5014.95117  1.82750555E-05  8.14146404E-08
  5068.48291  1.7888804E-05  7.79460763E-08
  5122.58594  1.75107616E-05  7.46239408E-08
  5177.2666  1.71407519E-05  7.14431749E-08
  5232.53125  1.67785838E-05  6.83974974E-08
  5288.38574  1.64241064E-05  6.54798455E-08
  5344.83594  1.6077136E-05  6.26853591E-08
  5401.88965  1.57375071E-05  6.00095333E-08
  5459.55176  1.5405094E-05  5.74467371E-08
  5517.8291  1.50797359E-05  5.49928494E-08
  5576.729  1.47612718E-05  5.26440189E-08
  5636.25732  1.44495589E-05  5.03963768E-08
  5696.4209  1.41444498E-05  4.82430238E-08
  5757.22754  1.38457935E-05  4.618094E-08
  5818.68262  1.35534701E-05  4.4206022E-08
  5880.79395  1.32673485E-05  4.23147917E-08
  5943.56787  1.29872824E-05  4.05044958E-08
  6007.01221  1.27131407E-05  3.87719084E-08
  6071.13379  1.24448115E-05  3.71130078E-08
  6135.93945  1.21821631E-05  3.55251117E-08
  6201.4375  1.19250817E-05  3.40035342E-08
  6267.63428  1.167344E-05  3.25471845E-08
  6334.5376  1.14271215E-05  3.11534194E-08
  6402.15527  1.11860218E-05  2.98188958E-08
  6470.49463  1.0950017E-05  2.85414323E-08
  6539.56396  1.07189981E-05  2.73187943E-08
  6609.36963  1.04928868E-05  2.61481699E-08
  6679.9209  1.02715558E-05  2.50276901E-08
  6751.2251  1.0054905E-05  2.3955339E-08
  6823.29102  9.84283179E-06  2.2928722E-08
  6896.12598  9.63524326E-06  2.19461356E-08
  6969.73779  9.43204486E-06  2.1005798E-08
  7044.13623  9.23315019E-06  2.01052615E-08
  7119.32812  9.03845557E-06  1.92435934E-08
  7195.32324  8.84787005E-06  1.84190458E-08
  7272.12891  8.66132268E-06  1.76296453E-08
  7349.75488  8.47871797E-06  1.68743846E-08
  7428.20947  8.29997134E-06  1.6151759E-08
  7507.50195  8.12500093E-06  1.54597135E-08
  7587.64062  7.95372762E-06  1.47976262E-08
  7668.63379  7.78607591E-06  1.41641339E-08
  7750.49219  7.62197305E-06  1.35577967E-08
  7833.22461  7.4613331E-06  1.29776296E-08
  7916.83984  7.30408237E-06  1.24224231E-08
  8001.34717  7.15015494E-06  1.18910206E-08
  8086.75781  6.99947623E-06  1.13822898E-08
  8173.0791  6.85198302E-06  1.08955698E-08
  8260.32227  6.70760392E-06  1.04297646E-08
  8348.49609  6.56627435E-06  9.98406602E-09
  8437.6123  6.42792838E-06  9.5575956E-09
  8527.67871  6.29250007E-06  9.14953358E-09
  8618.70703  6.15993213E-06  8.75916761E-09
  8710.70703  6.03016815E-06  8.3857099E-09
  8803.68848  5.90313903E-06  8.02825539E-09
  8897.66309  5.77878973E-06  7.68628006E-09
  8992.64062  5.65706887E-06  7.35910355E-09
  9088.63184  5.53791597E-06  7.0461037E-09
  9185.64844  5.42127509E-06  6.7466841E-09
  9283.7002  5.30709531E-06  6.46021192E-09
  9382.79785  5.19532614E-06  6.18618934E-09
  9482.9541  5.08591302E-06  5.92407323E-09
  9584.17969  4.97880683E-06  5.67331915E-09
  9686.48535  4.87396574E-06  5.43328404E-09
  9789.88379  4.77133335E-06  5.20371923E-09
  9894.38477  4.67086375E-06  4.9842015E-09
  10000.002  4.5725169E-06  4.77414952E-09