Cr Density=7.19
 Energy(eV), Delta, Beta
  50.  0.0522090085  0.253404915
  50.5337219  0.0565608516  0.246770829
  51.0731392  0.059104044  0.241626576
  51.6183205  0.0600482859  0.237924814
  52.1693153  0.0616495498  0.236794695
  52.7261925  0.0647792667  0.236093864
  53.2890129  0.0692134425  0.235768914
  53.8578453  0.0748971775  0.235552192
  54.4327507  0.0818763226  0.233797312
  55.0137863  0.0896256566  0.230740726
  55.6010323  0.0964263827  0.225983858
  56.1945381  0.102336265  0.220237419
  56.7943878  0.107383892  0.213949189
  57.400631  0.110704027  0.207840681
  58.0133514  0.113741219  0.201906189
  58.6326141  0.116488069  0.196077302
  59.2584839  0.118750699  0.190088525
  59.8910332  0.120567612  0.184200078
  60.5303345  0.122052446  0.178455845
  61.1764679  0.123164602  0.172891229
  61.8294907  0.12404108  0.167499393
  62.4894867  0.124732181  0.162275627
  63.1565285  0.125206724  0.157215223
  63.8306847  0.125612184  0.152312443
  64.5120468  0.125942454  0.147562444
  65.200676  0.126189873  0.142960995
  65.8966522  0.126391456  0.13816452
  66.6000595  0.126460314  0.133397788
  67.3109818  0.126300439  0.128705651
  68.0294876  0.125991821  0.124179006
  68.755661  0.125669569  0.119811498
  69.4895935  0.125404671  0.115597218
  70.2313538  0.125145584  0.111031599
  70.981041  0.124779314  0.106419489
  71.7387238  0.124254115  0.101764947
  72.5044937  0.123321764  0.096718438
  73.2784348  0.122063279  0.0917797536
  74.0606461  0.120423518  0.0869943723
  74.8511963  0.11835292  0.0824585482
  75.6501923  0.116092466  0.0781592876
  76.4577179  0.113641895  0.0740841553
  77.2738571  0.110937379  0.0704150945
  78.0987167  0.108219773  0.067087397
  78.932373  0.105498932  0.0640766248
  79.7749329  0.102636717  0.0612008348
  80.6264877  0.0997403339  0.0586304925
  81.4871216  0.0968207195  0.0563382246
  82.3569565  0.0939857587  0.0543952808
  83.2360764  0.091280289  0.0527413972
  84.1245728  0.0887017921  0.0513309203
  85.0225525  0.086356394  0.0501499474
  85.9301224  0.0841569155  0.0490852222
  86.847374  0.0820930898  0.0481218584
  87.7744293  0.0802595615  0.0473190099
  88.7113724  0.0786780193  0.0465295911
  89.6583176  0.0773074329  0.0457533337
  90.6153641  0.0762844458  0.0449900851
  91.582634  0.0753557459  0.0439907573
  92.5602264  0.0744877085  0.0428450666
  93.5482559  0.0736736134  0.04154291
  94.5468292  0.0726798698  0.0398990214
  95.5560608  0.0715708882  0.0381496288
  96.5760727  0.0703099594  0.0364588909
  97.6069717  0.0688743144  0.0348192453
  98.6488647  0.0673317164  0.0332445949
  99.701889  0.0656297803  0.0317411311
  100.766144  0.0637143552  0.0305577312
  101.841774  0.0617744811  0.0295565836
  102.928879  0.0598985367  0.0287419502
  104.02758  0.0581670851  0.0282193627
  105.138016  0.056596756  0.0277762599
  106.260315  0.0552645586  0.0273406319
  107.394577  0.0540428199  0.0269437172
  108.540955  0.0529000573  0.0265591163
  109.69957  0.0518480465  0.0261800587
  110.870552  0.0509114824  0.0255377702
  112.054039  0.0497852825  0.0250984579
  113.250145  0.0487750098  0.0246666837
  114.459023  0.0478389263  0.0242423136
  115.680817  0.0469578542  0.0238252319
  116.915642  0.0461237468  0.0234153643
  118.163658  0.0453392342  0.0230057798
  119.424988  0.0446462221  0.0225790944
  120.699776  0.0439246595  0.0220535044
  121.988174  0.0431905761  0.0215022936
  123.290337  0.0424395055  0.0209648777
  124.606392  0.0416750461  0.0204409044
  125.936493  0.0409057923  0.0199340452
  127.280792  0.0401246957  0.0194495413
  128.63945  0.0393672138  0.0190503262
  130.012589  0.0386411995  0.0186769962
  131.400421  0.0379597768  0.0183109734
  132.80304  0.0374054238  0.0179521274
  134.220642  0.0368872918  0.0175231956
  135.653366  0.0363883898  0.0169692915
  137.101395  0.0358271264  0.0163803436
  138.56488  0.0351852737  0.0157921277
  140.043976  0.0344349109  0.0152064944
  141.538864  0.0336093269  0.0146841323
  143.049713  0.0327820331  0.0142412623
  144.576691  0.031958513  0.0138870701
  146.119965  0.0311840884  0.0136163691
  147.679718  0.0304594617  0.0133948745
  149.256104  0.029785376  0.0132225081
  150.849335  0.0291701946  0.0130523192
  152.459579  0.0285947826  0.012884343
  154.08699  0.0280571729  0.0127185592
  155.731781  0.0275643747  0.0125548337
  157.394135  0.0271051601  0.0123932613
  159.074219  0.0266786944  0.0122303087
  160.772247  0.0263297781  0.0120046465
  162.488419  0.0259567201  0.0117490282
  164.222885  0.0255663525  0.0114730671
  165.975876  0.0251680519  0.011199167
  167.747574  0.0247673243  0.0109190159
  169.538177  0.0243627131  0.0106376661
  171.3479  0.0239318032  0.0103635555
  173.176941  0.023508409  0.0101218205
  175.025513  0.0230972711  0.00990174804
  176.893814  0.0227192622  0.00969703496
  178.782059  0.0223997515  0.00949345343
  180.69046  0.0221104268  0.00927381124
  182.619232  0.0218305849  0.00898173451
  184.568588  0.0215187594  0.0086579388
  186.538742  0.0211804062  0.00832528621
  188.529938  0.0207921397  0.00799108762
  190.542404  0.0203850362  0.00767796766
  192.57634  0.0199689791  0.0073880218
  194.631989  0.019538762  0.00713182054
  196.709564  0.0190900508  0.00688449712
  198.809326  0.0186440926  0.00666683726
  200.931503  0.0182089861  0.00650473312
  203.07634  0.0178115387  0.0063572512
  205.244064  0.0174338985  0.00621550018
  207.434937  0.0170740578  0.00607691938
  209.649185  0.0167273358  0.00594142172
  211.88707  0.016389709  0.00580959348
  214.148849  0.0160607044  0.00568178063
  216.434769  0.0157511625  0.0055629001
  218.745087  0.0154527593  0.00544728385
  221.080063  0.0151651567  0.00533407088
  223.439972  0.0148923714  0.00520145521
  225.825073  0.014621079  0.00506658433
  228.235626  0.0143494746  0.00493055768
  230.671906  0.0140772024  0.00479816925
  233.134201  0.0138078211  0.00466934033
  235.622787  0.0135414088  0.00454397686
  238.137909  0.0132780727  0.00442519691
  240.679901  0.0130217755  0.00431397464
  243.249039  0.0127723711  0.00420972193
  245.845581  0.0125378501  0.00410552183
  248.469849  0.0123186866  0.00399444811
  251.122116  0.0121025369  0.00386926369
  253.802704  0.0118833259  0.00374692772
  256.511902  0.0116619812  0.00362303574
  259.250031  0.0114338258  0.00348760583
  262.017395  0.011201812  0.00335725164
  264.81427  0.0109683163  0.00323177176
  267.641022  0.0107303904  0.0031109727
  270.497955  0.0104785291  0.00299792783
  273.385345  0.010225107  0.00289692194
  276.303589  0.00997236371  0.00281486777
  279.252991  0.00972970016  0.00274706865
  282.233826  0.00950142555  0.00269334228
  285.246552  0.00927905366  0.00264051394
  288.291382  0.00907108653  0.00260806549
  291.368713  0.00888479128  0.00257141655
  294.478912  0.00872513559  0.00253356691
  297.622314  0.00857162476  0.00247689872
  300.799286  0.00842252281  0.0024151504
  304.010132  0.00827484485  0.00234825327
  307.25528  0.00811689068  0.00226573041
  310.535034  0.00795463007  0.00218246272
  313.849823  0.00778861763  0.00210203882
  317.200012  0.00761102792  0.0020318646
  320.585938  0.00743738702  0.00197014934
  324.008026  0.007274637  0.00191293424
  327.466644  0.00710715493  0.00185402832
  330.962158  0.00697871577  0.00179312483
  334.494995  0.00683641667  0.0017332288
  338.065521  0.00668614544  0.00167425675
  341.674194  0.0065329494  0.00161426887
  345.321381  0.00638157362  0.00155643281
  349.007477  0.00623191427  0.00150085241
  352.732941  0.00608142233  0.001448125
  356.498169  0.00592957996  0.00140209938
  360.303589  0.00578297628  0.00135788089
  364.149628  0.00564155541  0.00131466368
  368.036713  0.00549755385  0.00127000187
  371.965302  0.00536300894  0.00123656366
  375.935852  0.00524263363  0.00120394002
  379.94873  0.00511210039  0.00117167446
  384.004486  0.00498117926  0.00113619282
  388.103516  0.00485764258  0.00110178511
  392.246307  0.00473621953  0.00106841838
  396.433319  0.0046141441  0.00103606237
  400.665009  0.00449219858  0.00101000781
  404.941895  0.0043865093  0.000973691058
  409.264435  0.00426874356  0.000940150407
  413.633057  0.00415283442  0.000908104819
  418.04837  0.00403942354  0.000877149636
  422.510803  0.00392621337  0.000847743184
  427.020874  0.00381432637  0.000819359557
  431.579102  0.00370378303  0.000791954168
  436.185944  0.00359314517  0.000765466131
  440.84201  0.00348366913  0.000739863492
  445.547729  0.003375442  0.000715123082
  450.303711  0.00326675596  0.000691307418
  455.110443  0.00315886131  0.000668294029
  459.968506  0.00304380641  0.000646159169
  464.878418  0.00293160672  0.000626242021
  469.840729  0.00282356283  0.000607092981
  474.855988  0.00270647509  0.000587125949
  479.924835  0.00260563311  0.000569577795
  485.04776  0.00249114563  0.000550551282
  490.225372  0.00237128511  0.000536238251
  495.458282  0.00227264524  0.000516900211
  500.747009  0.00216434896  0.0004970468
  506.092224  0.0020213665  0.000480144372
  511.494446  0.00190231716  0.000463326578
  516.954346  0.00176708156  0.00044732372
  522.472595  0.00162100943  0.000431832945
  528.049683  0.00146668311  0.000416815805
  533.686279  0.00129576726  0.000406913925
  539.383057  0.00110556965  0.000393510651
  545.140686  0.000864658097  0.000377159071
  550.959778  0.00059603533  0.000361296843
  556.841003  0.000174626926  0.000348478759
  562.784973 -0.00046771596  0.000338828162
  568.792358 -0.00167731172  0.000345362845
  574.863892 -0.00645057391  0.00847304612
  581.000244 -0.000568852178  0.00256062369
  587.202087  0.00358678866  0.0045032301
  593.470154  0.00265443604  0.0030426851
  599.805115  0.00236645248  0.0025152443
  606.207703  0.00217733416  0.00226170616
  612.67865  0.0020804829  0.00211234181
  619.218628  0.00197052956  0.00207417109
  625.82843  0.00190043263  0.00197319803
  632.508789  0.00184977672  0.0020364956
  639.260498  0.00193539984  0.00204827497
  646.084229  0.00199035462  0.00192385109
  652.980835  0.00194859551  0.00179368386
  659.95105  0.00192046992  0.0017978868
  666.995605  0.00194841402  0.00176086521
  674.115417  0.00190075045  0.00162943173
  681.311218  0.00178839278  0.00158977287
  688.583862  0.00173491857  0.00166912423
  695.934082  0.00178104953  0.00171012187
  703.362793  0.00183937396  0.00168444344
  710.870789  0.00188359094  0.00162411784
  718.458923  0.00189828465  0.00154569722
  726.128113  0.00188322505  0.0014739153
  733.87915  0.00183722412  0.00142554252
  741.71283  0.00181816588  0.00141035521
  749.630249  0.00181816367  0.00141020515
  757.632141  0.00183386123  0.00138541555
  765.719421  0.00184729532  0.00133987237
  773.893066  0.00185434415  0.0012773585
  782.153931  0.0018520694  0.00120573898
  790.502991  0.00182341796  0.00113789365
  798.941162  0.00177740701  0.00109994982
  807.46936  0.00174750865  0.00105914078
  816.088684  0.00172674959  0.00102413748
  824.799988  0.00167003018  0.00100911991
  833.604248  0.00165585242  0.0009930745
  842.502502  0.00164568983  0.000968219596
  851.495728  0.00163499324  0.000932101451
  860.585022  0.00161988335  0.000897327962
  869.771301  0.00160237786  0.000863852387
  879.055603  0.00158250215  0.000831628335
  888.438965  0.00156056706  0.000800605863
  897.922607  0.00153817376  0.000770738581
  907.507446  0.00151538942  0.000741984812
  917.19458  0.00149168342  0.000714303693
  926.985046  0.0014679702  0.000687958556
  936.880127  0.00144427794  0.000662849692
  946.880798  0.00142047065  0.000638691825
  956.98822  0.00139678444  0.000615412835
  967.203491  0.00137325074  0.000592981116
  977.527893  0.0013497381  0.000571366632
  987.962463  0.00132638472  0.000550540921
  998.508423  0.00130323065  0.00053047447
  1009.16693  0.00128017215  0.000511137128
  1019.93921  0.00125732122  0.00049250538
  1030.82642  0.00123471883  0.000474553439
  1041.82996  0.00121228537  0.000457258226
  1052.95093  0.00119008881  0.000440592761
  1064.19055  0.00116817164  0.000424534606
  1075.55029  0.00114647835  0.000409060449
  1087.03113  0.00112504174  0.00039414881
  1098.63464  0.00110390305  0.000379780831
  1110.36194  0.00108302291  0.000365938264
  1122.21436  0.00106241461  0.000352602015
  1134.19336  0.00104211573  0.000339751015
  1146.30029  0.00102209393  0.000327365851
  1158.53638  0.00100235268  0.000315433572
  1170.90308  0.00098292646  0.00030393654
  1183.40186  0.000963791274  0.000292858749
  1196.03406  0.000944939093  0.000282183872
  1208.80103  0.000926401583  0.000271897909
  1221.70435  0.000908160931  0.000261987327
  1234.74536  0.000890204567  0.000252439291
  1247.92554  0.000872560136  0.000243238901
  1261.24634  0.000855214777  0.000234372681
  1274.70947  0.000838148058  0.000225829237
  1288.31641  0.000821387162  0.000217597306
  1302.06848  0.0008049233  0.000209665697
  1315.96729  0.0007887354  0.000202024035
  1330.0144  0.000772845931  0.000194660504
  1344.21155  0.000757248024  0.000187564772
  1358.56042  0.000741920143  0.000180728835
  1373.06226  0.000726881844  0.000174141533
  1387.71887  0.000712127832  0.000167793565
  1402.53198  0.000697639713  0.000161677672
  1417.5033  0.000683429942  0.000155784815
  1432.63428  0.000669494562  0.000150106804
  1447.92688  0.000655852142  0.000144635182
  1463.38257  0.000642486615  0.000139363648
  1479.00342  0.000629392976  0.000134280068
  1494.79102  0.00061658246  0.0001293065
  1510.74707  0.000603993656  0.000124439845
  1526.87341  0.000591623713  0.000119700875
  1543.172  0.000579412095  0.000115142604
  1559.64441  0.000567417825  0.000110757624
  1576.29285  0.000555643928  0.000106539446
  1593.1189  0.000544075621  0.000102482714
  1610.12439  0.000532725244  9.85801889E-05
  1627.31177  0.000521593902  9.48259767E-05
  1644.68237  0.00051067007  9.12148025E-05
  1662.23828  0.000499957008  8.7741173E-05
  1679.98181  0.000489455648  8.43998059E-05
  1697.91467  0.000479156501  8.11859136E-05
  1716.03894  0.000469059072  7.80938935E-05
  1734.35669  0.000459164643  7.51195985E-05
  1752.87  0.000449466315  7.2259063E-05
  1771.58093  0.000439961732  6.95072667E-05
  1790.49146  0.000430650369  6.68603243E-05
  1809.60413  0.000421524688  6.43144158E-05
  1828.92053  0.000412584282  6.18651829E-05
  1848.44324  0.000403827842  5.95091733E-05
  1868.17432  0.00039524943  5.72429635E-05
  1888.11609  0.000386845233  5.50631885E-05
  1908.27063  0.000378615194  5.29663594E-05
  1928.64038  0.000370554539  5.09491038E-05
  1949.22754  0.000362660357  4.90090133E-05
  1970.03442  0.000354931224  4.71427848E-05
  1991.06348  0.000347363064  4.53474495E-05
  2012.31689  0.000339952006  4.36205519E-05
  2033.79724  0.000332700409  4.19594217E-05
  2055.50684  0.000325606234  4.03616323E-05
  2077.44824  0.000318661536  3.88245171E-05
  2099.62378  0.000311862561  3.73326875E-05
  2122.03638  0.000305205584  3.5882058E-05
  2144.68774  0.000298676227  3.44867694E-05
  2167.58105  0.000292280456  3.31456795E-05
  2190.71875  0.000286015653  3.18567072E-05
  2214.10352  0.000279878732  3.06176989E-05
  2237.73779  0.000273869868  2.94269703E-05
  2261.62451  0.00026798647  2.82826004E-05
  2285.76611  0.000262225134  2.71826775E-05
  2310.16553  0.000256585161  2.61255282E-05
  2334.8252  0.000251064281  2.51094825E-05
  2359.74805  0.000245658943  2.41330508E-05
  2384.93701  0.000240367881  2.3194516E-05
  2410.39478  0.000235189073  2.22924518E-05
  2436.12451  0.000230119389  2.14255524E-05
  2462.12891  0.000225156939  2.05923025E-05
  2488.41064  0.000220300106  1.97914233E-05
  2514.97314  0.000215546868  1.90217215E-05
  2541.81909  0.000210894592  1.82820095E-05
  2568.95142  0.000206341458  1.75710811E-05
  2596.37354  0.000201884613  1.68877541E-05
  2624.08838  0.000197523186  1.62309552E-05
  2652.09912  0.000193255342  1.55997332E-05
  2680.40869  0.000189078841  1.49931739E-05
  2709.02051  0.00018499096  1.4410105E-05
  2737.93799  0.000180990508  1.38496771E-05
  2767.16382  0.00017707581  1.33111071E-05
  2796.7019  0.000173244902  1.27934309E-05
  2826.55518  0.000169496197  1.22959E-05
  2856.72681  0.000165827558  1.18177522E-05
  2887.2207  0.000162237498  1.13581636E-05
  2918.04028  0.000158724448  1.09164521E-05
  2949.18872  0.000155286485  1.04919764E-05
  2980.66968  0.000151922563  1.00839834E-05
  3012.48657  0.000148630963  9.69183657E-06
  3044.64331  0.000145409736  9.31489649E-06
  3077.14307  0.000142257239  8.9526784E-06
  3109.98999  0.000139172524  8.60452565E-06
  3143.18726  0.000136154194  8.26989708E-06
  3176.73901  0.000133200199  7.94832704E-06
  3210.64917  0.000130309796  7.63924982E-06
  3244.92065  0.00012748166  7.34219202E-06
  3279.55859  0.00012471345  7.05666707E-06
  3314.56592  0.000122004894  6.78224433E-06
  3349.94727  0.000119354707  6.51850178E-06
  3385.70605  0.000116760733  6.26502651E-06
  3421.84644  0.000114222392  6.02139744E-06
  3458.3728  0.000111738504  5.78724166E-06
  3495.28882  0.000109307628  5.56222039E-06
  3532.59937  0.000106928732  5.34593028E-06
  3570.30786  0.000104600782  5.1380448E-06
  3608.4187  0.000102322345  4.93825746E-06
  3646.93677  0.00010009262  4.7462222E-06
  3685.86572  9.79106844E-05  4.56166163E-06
  3725.21021  9.57747034E-05  4.38428606E-06
  3764.97461  9.36842771E-05  4.21381537E-06
  3805.16357  9.16385907E-05  4.04998127E-06
  3845.78174  8.96361016E-05  3.8924918E-06
  3886.83325  8.76758422E-05  3.74112983E-06
  3928.323  8.5757325E-05  3.59566411E-06
  3970.25562  8.38792403E-05  3.45586182E-06
  4012.63623  8.20407658E-05  3.32149102E-06
  4055.46875  8.0241407E-05  3.19234778E-06
  4098.7583  7.84795484E-05  3.06821653E-06
  4142.51074  7.67543752E-05  2.94891629E-06
  4186.72949  7.506572E-05  2.8342638E-06
  4231.42041  7.34120913E-05  2.72406874E-06
  4276.58838  7.17924922E-05  2.61815262E-06
  4322.23877  7.0206901E-05  2.51635151E-06
  4368.37598  6.86540079E-05  2.41852308E-06
  4415.00635  6.71324524E-05  2.32449747E-06
  4462.13379  6.564262E-05  2.23412394E-06
  4509.76465  6.41831721E-05  2.14726424E-06
  4557.90381  6.27523332E-05  2.06378377E-06
  4606.55713  6.13508455E-05  1.98354678E-06
  4655.72949  5.99774175E-05  1.90643243E-06
  4705.42676  5.86300739E-05  1.8323243E-06
  4755.6543  5.7309815E-05  1.76109324E-06
  4806.41846  5.60152548E-05  1.69262717E-06
  4857.72461  5.47436284E-05  1.6268292E-06
  4909.57764  5.3496693E-05  1.56358908E-06
  4961.98486  5.2273208E-05  1.50280823E-06
  5014.95117  5.10691098E-05  1.44439366E-06
  5068.48291  4.98869413E-05  1.38824635E-06
  5122.58594  4.87256839E-05  1.3342833E-06
  5177.2666  4.75788875E-05  1.28242129E-06
  5232.53125  4.64504701E-05  1.23257473E-06
  5288.38574  4.53398497E-05  1.18466687E-06
  5344.83594  4.42357014E-05  1.1386187E-06
  5401.88965  4.31443223E-05  1.09436439E-06
  5459.55176  4.20656906E-05  1.05183597E-06
  5517.8291  4.09783934E-05  1.01095452E-06
  5576.729  3.98905358E-05  9.71663439E-07
  5636.25732  3.88024091E-05  9.33902129E-07
  5696.4209  3.76656935E-05  8.9761005E-07
  5757.22754  3.64737825E-05  8.62728257E-07
  5818.68262  3.52181341E-05  8.29204112E-07
  5880.79395  3.36532612E-05  7.96982647E-07
  5943.56787  2.84800153E-05  7.66015489E-07
  6007.01221 -4.47425919E-05  6.09055633E-06
  6071.13379  1.89364873E-05  5.86726856E-06
  6135.93945  3.17502418E-05  5.65216897E-06
  6201.4375  3.17950653E-05  5.44493969E-06
  6267.63428  3.16047081E-05  5.24529787E-06
  6334.5376  3.12990887E-05  5.05300068E-06
  6402.15527  3.09454736E-05  4.86775025E-06
  6470.49463  3.05468602E-05  4.68929193E-06
  6539.56396  3.01124819E-05  4.5173847E-06
  6609.36963  2.96651615E-05  4.35177117E-06
  6679.9209  2.92046861E-05  4.19222351E-06
  6751.2251  2.87305174E-05  4.03854074E-06
  6823.29102  2.82542187E-05  3.890485E-06
  6896.12598  2.77757044E-05  3.74785486E-06
  6969.73779  2.72927846E-05  3.61046227E-06
  7044.13623  2.68124295E-05  3.47810055E-06
  7119.32812  2.63347083E-05  3.35059622E-06
  7195.32324  2.58572236E-05  3.22776623E-06
  7272.12891  2.53847666E-05  3.10943983E-06
  7349.75488  2.49174573E-05  2.99545491E-06
  7428.20947  2.44543953E-05  2.88564183E-06
  7507.50195  2.39973051E-05  2.7791441E-06
  7587.64062  2.35462139E-05  2.67583277E-06
  7668.63379  2.30988881E-05  2.57354282E-06
  7750.49219  2.26570701E-05  2.47516118E-06
  7833.22461  2.22210911E-05  2.38054281E-06
  7916.83984  2.17899033E-05  2.28953763E-06
  8001.34717  2.1365151E-05  2.20201991E-06
  8086.75781  2.09470618E-05  2.1178455E-06
  8173.0791  2.05346969E-05  2.03688842E-06
  8260.32227  2.0128944E-05  1.95903181E-06
  8348.49609  1.97300433E-05  1.88414958E-06
  8437.6123  1.93373453E-05  1.81212727E-06
  8527.67871  1.89512011E-05  1.74285958E-06
  8618.70703  1.85718582E-05  1.67623728E-06
  8710.70703  1.81988817E-05  1.61216508E-06
  8803.68848  1.78323971E-05  1.55055011E-06
  8897.66309  1.74726028E-05  1.49128709E-06
  8992.64062  1.71191241E-05  1.43428088E-06
  9088.63184  1.67720227E-05  1.37946051E-06
  9185.64844  1.64314351E-05  1.32673563E-06
  9283.7002  1.60970558E-05  1.27602857E-06
  9382.79785  1.57688301E-05  1.22726306E-06
  9482.9541  1.54468871E-05  1.18035962E-06
  9584.17969  1.51310041E-05  1.13524936E-06
  9686.48535  1.48210775E-05  1.09186021E-06
  9789.88379  1.45172708E-05  1.05013089E-06
  9894.38477  1.42194776E-05  1.0100016E-06
  10000.002  1.39276572E-05  9.71399231E-07