 Pt Density=21.45
 Energy(eV), Delta, Beta
  30.  0.290498167  0.593650162
  30.3091583  0.298568875  0.590557635
  30.6215  0.306192338  0.587481499
  30.9370594  0.3133834  0.584421217
  31.2558746  0.319172859  0.565413833
  31.5779762  0.324350476  0.543122888
  31.9033928  0.329186589  0.521710873
  32.2321663  0.333692878  0.501142621
  32.5643234  0.337880284  0.481385887
  32.8999062  0.341760397  0.462407708
  33.2389488  0.335291952  0.446056634
  33.5814857  0.324620157  0.431082487
  33.9275475  0.314243555  0.416611046
  34.2771797  0.304154366  0.402625412
  34.6304169  0.29434523  0.389109135
  34.9872894  0.284809053  0.376046807
  35.3478432  0.276651025  0.365523219
  35.7121124  0.269963503  0.35474807
  36.0801315  0.264159083  0.345918715
  36.4519463  0.258558065  0.337577522
  36.8275909  0.252694041  0.329765648
  37.2071075  0.247612342  0.322837055
  37.590538  0.243109927  0.316440463
  37.9779167  0.238808155  0.309501201
  38.3692856  0.234631926  0.302768856
  38.7646904  0.230469897  0.296187818
  39.1641693  0.226804554  0.290196955
  39.5677643  0.22341457  0.28368023
  39.9755211  0.219349205  0.276677787
  40.3874817  0.21521692  0.270314842
  40.8036804  0.211089104  0.264104396
  41.2241707  0.206917107  0.258036643
  41.6489983  0.202479184  0.252108335
  42.0781975  0.19794023  0.24654524
  42.5118256  0.193231553  0.241271153
  42.9499207  0.188575894  0.236467212
  43.3925285  0.184225634  0.232227758
  43.8396988  0.180170521  0.22810486
  44.2914772  0.176435411  0.224161983
  44.7479134  0.173131958  0.220058456
  45.2090492  0.170136914  0.215729356
  45.674942  0.167173713  0.21100305
  46.1456299  0.163904563  0.20569928
  46.62117  0.16009289  0.200076029
  47.1016159  0.155377537  0.194097593
  47.5870056  0.149776727  0.188212857
  48.0774002  0.143357858  0.182319909
  48.5728493  0.134828836  0.177527204
  49.0734062  0.125479519  0.17383568
  49.5791168  0.114879407  0.172076002
  50.0900421  0.103570156  0.173066944
  50.6062317  0.0926781669  0.177472025
  51.1277428  0.0844323114  0.185857818
  51.6546249  0.0803108662  0.196415335
  52.1869354  0.0804965049  0.206756249
  52.7247353  0.0847156867  0.21443966
  53.2680779  0.0904756114  0.218859807
  53.8170166  0.0962205157  0.220686644
  54.3716125  0.101491638  0.220838398
  54.9319267  0.106108047  0.219959259
  55.4980125  0.110138863  0.218087524
  56.0699348  0.113655053  0.215991259
  56.647747  0.116723269  0.213717759
  57.231514  0.119517997  0.211310476
  57.8213005  0.122314379  0.208917886
  58.41716  0.125603378  0.205944166
  59.0191612  0.128854334  0.202575341
  59.6273689  0.131908521  0.198415667
  60.2418442  0.134611219  0.193642765
  60.862648  0.136778861  0.18809481
  61.4898567  0.138169587  0.182367176
  62.1235237  0.138718605  0.176515311
  62.7637177  0.138522506  0.170697272
  63.410511  0.137719557  0.165071532
  64.0639725  0.136227533  0.159629956
  64.7241745  0.133876592  0.1549353
  65.3911667  0.131279722  0.151154861
  66.0650406  0.128669769  0.148096457
  66.7458572  0.126656547  0.146194652
  67.4336853  0.125434101  0.144502208
  68.1286011  0.125097856  0.142626151
  68.8306808  0.125504404  0.139573798
  69.5400009  0.125256732  0.134677589
  70.2566223  0.122305907  0.126383305
  70.9806442  0.0964303836  0.12835525
  71.7121124  0.115436986  0.147764236
  72.4511185  0.125379398  0.139118612
  73.1977463  0.126978144  0.131599829
  73.9520645  0.124410219  0.122920632
  74.7141647  0.12163838  0.130962342
  75.484108  0.127530321  0.124700621
  76.2619934  0.128480256  0.118532009
  77.0478821  0.127963722  0.113392472
  77.8418808  0.127090082  0.109444447
  78.6440659  0.12639682  0.105346426
  79.4545059  0.125211716  0.101401493
  80.2733002  0.123738825  0.0978853926
  81.1005402  0.122405462  0.094941467
  81.9363022  0.121273637  0.0921636969
  82.7806702  0.120396264  0.089163959
  83.6337433  0.119448401  0.0860334709
  84.4956131  0.118408315  0.0829243436
  85.3663559  0.117252484  0.0799245536
  86.2460785  0.116101831  0.0769901872
  87.1348648  0.114961088  0.0741276219
  88.032814  0.11396464  0.0713467374
  88.9400024  0.113047808  0.068305932
  89.8565521  0.111886911  0.064922981
  90.782547  0.110444225  0.0616594888
  91.7180862  0.108886048  0.0585734285
  92.6632614  0.10718514  0.0553713627
  93.6181793  0.10514234  0.0521494411
  94.5829391  0.102849446  0.0492600054
  95.5576401  0.100482136  0.0467527509
  96.5423813  0.0981861278  0.0443731509
  97.5372696  0.0958033502  0.0421147719
  98.5424118  0.0933932438  0.0401709452
  99.5579224  0.0911236554  0.038509883
  100.583885  0.0890797526  0.0368811972
  101.620422  0.087175779  0.0352194533
  102.667641  0.0852655619  0.0335559398
  103.725655  0.0834430382  0.0319464058
  104.794579  0.0815079436  0.0301874671
  105.874504  0.0794760361  0.0284621082
  106.965576  0.0773395523  0.0268284176
  108.067871  0.0748699829  0.0255753528
  109.181541  0.073511295  0.0242225155
  110.306686  0.0712853819  0.0229405481
  111.44342  0.0691926628  0.0217367075
  112.591866  0.067098856  0.0206399933
  113.752151  0.0650348216  0.0196042694
  114.9244  0.0629956871  0.0186610259
  116.108719  0.0609278828  0.0178387221
  117.305252  0.0589292608  0.017172778
  118.514107  0.0570184961  0.0165727995
  119.73542  0.0552054383  0.0160513502
  120.96933  0.0534497872  0.015547446
  122.21595  0.0517546274  0.0150944972
  123.475403  0.0501033515  0.0146717103
  124.747856  0.0485009514  0.0142957959
  126.033409  0.0469496064  0.0139587736
  127.332199  0.0454486981  0.0136446012
  128.644394  0.0439983048  0.0133602144
  129.970108  0.0425896496  0.0131042683
  131.309479  0.0412228145  0.012871501
  132.662659  0.0399089381  0.012653742
  134.02977  0.0386434607  0.0124439662
  135.41098  0.0374059528  0.0122378143
  136.806427  0.036184378  0.0120350802
  138.216248  0.0349554643  0.0118682748
  139.640594  0.0337411538  0.0117200138
  141.079636  0.0325508974  0.0116252368
  142.533493  0.03139906  0.0115909064
  144.002319  0.0303003453  0.0115974778
  145.486313  0.0292630792  0.0116342623
  146.985565  0.0282873604  0.0116892969
  148.50029  0.0273810271  0.0117498189
  150.030624  0.0265452322  0.0117923645
  151.576721  0.0257490966  0.0118092811
  153.138763  0.0249746758  0.011799396
  154.716888  0.0242097173  0.0117670158
  156.311295  0.0234448556  0.0117215952
  157.922104  0.0226493012  0.0116966357
  159.54953  0.0218610726  0.0116941845
  161.193726  0.0210869201  0.0117141185
  162.854858  0.0203337688  0.0117675839
  164.533127  0.0196098015  0.0118524721
  166.228683  0.0189208034  0.0119626429
  167.941711  0.0182710122  0.0120934909
  169.672379  0.0176669043  0.0122306943
  171.420898  0.0170996431  0.0123704514
  173.187439  0.016565036  0.0125118494
  174.972168  0.0160604492  0.0126547925
  176.775299  0.0155849531  0.0127992481
  178.597  0.0151381018  0.012945123
  180.4375  0.0147094149  0.0131001743
  182.296936  0.0143723162  0.0132781705
  184.175552  0.0140584512  0.0133970361
  186.073517  0.0137657616  0.0135136601
  187.991058  0.0134904888  0.0135789746
  189.928345  0.0132303117  0.0136411572
  191.885605  0.012963064  0.0137012973
  193.863037  0.0127434125  0.0137148248
  195.860825  0.012470929  0.0137521811
  197.879211  0.012230265  0.0137976576
  199.918411  0.0120586054  0.0138340108
  201.978622  0.0118877795  0.0138608413
  204.060059  0.0117246686  0.0138203381
  206.162933  0.0115632191  0.0137562798
  208.287506  0.0113738244  0.013651575
  210.43396  0.0111557776  0.0135659017
  212.602524  0.0109447939  0.0134958653
  214.793442  0.010672057  0.0134213446
  217.006943  0.0104136774  0.0133629059
  219.243256  0.0101701925  0.0134124495
  221.502594  0.00994355604  0.0133887473
  223.785233  0.00974147487  0.0134513341
  226.0914  0.0095811598  0.0134622883
  228.421326  0.00946105924  0.0135338083
  230.775269  0.00937535893  0.0136025976
  233.153442  0.00927942619  0.0135551505
  235.556152  0.00921192952  0.0135656027
  237.983612  0.00917108916  0.0135366507
  240.436081  0.00912295654  0.0135077825
  242.913834  0.00909200031  0.0134116849
  245.417114  0.00903924741  0.0133380722
  247.946198  0.00895955972  0.0131770549
  250.501358  0.00890040025  0.0131477201
  253.082825  0.00881812256  0.0130101312
  255.690903  0.00874191523  0.0129594095
  258.325867  0.00865137856  0.0128795533
  260.987946  0.00864760485  0.0127695082
  263.677521  0.00862511527  0.0126858782
  266.394775  0.00864013936  0.0125840167
  269.140045  0.00860734191  0.0124030253
  271.913574  0.00852004997  0.0122076226
  274.715698  0.00840410683  0.0120614739
  277.546722  0.00829061028  0.0119314836
  280.406921  0.00818567257  0.0118251918
  283.296539  0.00812659878  0.0116854534
  286.216003  0.00800289027  0.0115602929
  289.165497  0.00793427043  0.0114851743
  292.145447  0.00785077736  0.0113681359
  295.156067  0.00779356156  0.0112159085
  298.197723  0.00767786289  0.0110940188
  301.270721  0.00755976886  0.0109952483
  304.375397  0.00747669209  0.0109167276
  307.512054  0.00736299297  0.0108430702
  310.68103  0.00731014833  0.0107874041
  313.88266  0.00725725899  0.0107234605
  317.11731  0.00722952513  0.0106767621
  320.385284  0.00721181603  0.0105808657
  323.68692  0.00718780514  0.0104774851
  327.022583  0.00717364624  0.0103870472
  330.392609  0.00717251003  0.010283093
  333.797394  0.00716158608  0.0101418318
  337.237244  0.0071231951  0.00999137387
  340.712555  0.0070451051  0.00985726062
  344.223694  0.00697558373  0.00978658628
  347.770996  0.00694999145  0.00969838817
  351.354858  0.00693763373  0.00960973836
  354.975647  0.00693743024  0.00949220173
  358.633759  0.00693012914  0.00936469529
  362.329559  0.00691480096  0.0092260018
  366.063446  0.00687996624  0.00907723606
  369.835815  0.00682681473  0.00896026194
  373.647095  0.00679507852  0.00884480029
  377.497589  0.00677797524  0.00872701313
  381.387787  0.0067625232  0.0085979728
  385.318085  0.00674277823  0.00846396107
  389.288879  0.00671032164  0.00832819287
  393.300598  0.0066783051  0.00819883496
  397.353638  0.00665561063  0.0080678435
  401.448456  0.00663918769  0.007923875
  405.58548  0.00661404384  0.00776634179
  409.765137  0.0065615261  0.00760513777
  413.987885  0.00649506412  0.00745800091
  418.25412  0.00642316695  0.00732236914
  422.564301  0.00635699974  0.00720000127
  426.918915  0.00629650103  0.00708533404
  431.31842  0.00624134624  0.006973729
  435.763275  0.00619436242  0.00686486764
  440.253937  0.00615099585  0.00674954616
  444.790833  0.00610590167  0.00662958529
  449.374481  0.00605690852  0.0065094172
  454.005402  0.00600413186  0.00639188755
  458.684052  0.00594994705  0.0062787747
  463.410889  0.00590035319  0.00617132243
  468.186462  0.005861999  0.0060688192
  473.01123  0.00581890531  0.0059497836
  477.885712  0.00578532694  0.00582251977
  482.810425  0.0057216459  0.00568299182
  487.785919  0.00564615149  0.00555337546
  492.812622  0.0055654319  0.00543936156
  497.891235  0.00548489718  0.00532967877
  503.022095  0.00539121032  0.00523560354
  508.205841  0.00529115694  0.00514733745
  513.442993  0.00517217536  0.00509821717
  518.734192  0.00511235045  0.00515732495
  524.079834  0.00514252903  0.0051202164
  529.480652  0.00523257256  0.00505177723
  534.937073  0.00524108903  0.0048681437
  540.449707  0.0051791491  0.00473201415
  546.019165  0.00512545835  0.00463936757
  551.645996  0.0051008705  0.00454503298
  557.330872  0.00508997869  0.00441818777
  563.07428  0.00500972616  0.0042715068
  568.876892  0.00493627321  0.00417760527
  574.739258  0.00487431418  0.00407887762
  580.662109  0.00481056282  0.00399131421
  586.645996  0.0047444785  0.00390685536
  592.691528  0.00467922026  0.00382047868
  598.799316  0.00463018566  0.00373865897
  604.970093  0.00455488032  0.00366359577
  611.204468  0.00449772179  0.00361189502
  617.503052  0.00447021006  0.00355378026
  623.866577  0.0044375686  0.00345749431
  630.295654  0.00437917933  0.00337375165
  636.791016  0.00433391239  0.00329603697
  643.353333  0.00428758282  0.00322149508
  649.983215  0.00426539499  0.00313896569
  656.681458  0.00418526633  0.00305911596
  663.448669  0.00413283519  0.00298693799
  670.285645  0.00407551927  0.00291101076
  677.193115  0.00402297452  0.00283849332
  684.171753  0.00396309746  0.00276895612
  691.222351  0.00391191011  0.00270035863
  698.34552  0.00384872779  0.00263718236
  705.542175  0.00377455167  0.00257727248
  712.812927  0.00374271139  0.00252562156
  720.15863  0.00367775909  0.00247714063
  727.580078  0.00363051635  0.00242715818
  735.077942  0.00359759456  0.00238355203
  742.653076  0.00356014888  0.00232735416
  750.306274  0.00352209038  0.00226508873
  758.03833  0.0034820037  0.00221016677
  765.850098  0.00343414652  0.00215081987
  773.742371  0.00339481328  0.00208609062
  781.716003  0.00334879826  0.00202567549
  789.77179  0.0033014561  0.00196982967
  797.910522  0.00325373374  0.00191552436
  806.133179  0.00320614991  0.00186271139
  814.440613  0.00315865222  0.00181136269
  822.833557  0.00311141741  0.00176142214
  831.313049  0.00306454138  0.00171286019
  839.879944  0.00301811472  0.00166524609
  848.535095  0.00297202147  0.00161840115
  857.279419  0.00292578875  0.00157273584
  866.113953  0.00287962728  0.00152835599
  875.039429  0.00283377944  0.00148523157
  884.056885  0.00278830295  0.00144332461
  893.167297  0.00274324976  0.00140259764
  902.371643  0.0026986755  0.00136301899
  911.670776  0.00265464908  0.00132456096
  921.065796  0.00261135492  0.0012870807
  930.557556  0.00256852224  0.00124994118
  940.147217  0.00252593472  0.00121359678
  949.835571  0.00248352834  0.00117831002
  959.623901  0.00244138623  0.00114404736
  969.513  0.00239965715  0.00111078226
  979.504028  0.00235838443  0.0010784833
  989.598083  0.00231772079  0.0010471259
  999.796143  0.0022777  0.0010166812
  1010.09924  0.00223829551  0.000987025327
  1020.50854  0.00219943211  0.000957892044
  1031.02515  0.00216093333  0.000928902766
  1041.65015  0.00212255912  0.000900786894
  1052.38464  0.00208447641  0.000873520097
  1063.22961  0.00204677251  0.000847081479
  1074.18652  0.00200948631  0.000821444788
  1085.25623  0.00197262969  0.000796581386
  1096.44006  0.00193619274  0.000772472064
  1107.73914  0.00190023286  0.000749092258
  1119.15454  0.00186475622  0.000726417638
  1130.68787  0.00182976597  0.000704429403
  1142.33972  0.00179526757  0.000683111663
  1154.11182  0.00176123495  0.00066243764
  1166.00525  0.00172768813  0.000642386149
  1178.02112  0.00169464177  0.000622944732
  1190.16089  0.00166209741  0.00060408999
  1202.4259  0.00163005572  0.000585802482
  1214.81714  0.00159851741  0.000568073883
  1227.33618  0.00156746909  0.00055088033
  1239.98413  0.00153697655  0.000534205057
  1252.76245  0.00150701636  0.000517900393
  1265.67249  0.00147749332  0.000501944392
  1278.71558  0.00144832197  0.000486387522
  1291.89294  0.00141953502  0.000471313717
  1305.20618  0.00139110256  0.00045670566
  1318.65674  0.00136309059  0.000442549092
  1332.24573  0.0013355019  0.00042883362
  1345.97485  0.00130833418  0.000415543618
  1359.84546  0.00128158508  0.000402663689
  1373.85901  0.00125523109  0.000390183559
  1388.01697  0.00122927665  0.000378091849
  1402.3208  0.00120373222  0.000366372726
  1416.77209  0.00117859314  0.000355017721
  1431.37219  0.00115385442  0.000344015978
  1446.1228  0.00112951093  0.000333351287
  1461.02539  0.00110551855  0.000323021726
  1476.08167  0.00108197529  0.00031300867
  1491.29297  0.00105883193  0.000303259119
  1506.66113  0.00103603397  0.000293740828
  1522.18762  0.00101353554  0.000284454756
  1537.87415  0.00099130196  0.000275464641
  1553.72217  0.000969351968  0.000266756979
  1569.73376  0.000947713968  0.00025832525
  1585.91028  0.000926382316  0.000250159705
  1602.25342  0.000905350142  0.000242251641
  1618.76489  0.000884609821  0.000234593637
  1635.44678  0.000864121364  0.000227177996
  1652.30042  0.000843884365  0.000219996931
  1669.32764  0.000823908253  0.000213043109
  1686.53052  0.000804180338  0.000206308701
  1703.91064  0.000784690434  0.000199786999
  1721.46985  0.000765430916  0.000193471627
  1739.20996  0.000746363134  0.000187356331
  1757.13293  0.000727462058  0.000181376832
  1775.2406  0.000708686828  0.000175538051
  1793.53491  0.000690008223  0.000169862906
  1812.0177  0.000671407732  0.00016437158
  1830.69104  0.00065284333  0.000159057818
  1849.55664  0.000634196796  0.000153916379
  1868.6167  0.000615509576  0.000148940104
  1887.87329  0.000596729224  0.000144124846
  1907.32825  0.000577791419  0.000139465745
  1926.98364  0.00055861799  0.000134957008
  1946.84167  0.000538938795  0.000130594388
  1966.90454  0.00051853992  0.000126372397
  1987.17383  0.000497279398  0.000122287645
  2007.6521  0.000474795408  0.000118334676
  2028.34143  0.000450549502  0.000114508999
  2049.24414  0.000423769525  0.00011080665
  2070.36182  0.00039066028  0.00010717057
  2091.69751  0.00034356871  0.000103630999
  2113.25293  0.000128714775  0.000100203295
  2135.03027  0.000255575316  0.000272403908
  2157.03247  0.000312364515  0.000263174676
  2179.26099  0.000311527401  0.000254258455
  2201.71899  0.000125643492  0.000245644216
  2224.4082  0.000325548579  0.000350458926
  2247.3313  0.000365948479  0.000338325131
  2270.49072  0.000384440587  0.000326611509
  2293.88867  0.0003957148  0.000315304234
  2317.52734  0.000402511156  0.000304386544
  2341.41016  0.000406488543  0.000293847639
  2365.53882  0.000408566062  0.000283673988
  2389.9165  0.000409122236  0.000273852696
  2414.54492  0.000408435444  0.000264371629
  2439.42749  0.000406710635  0.000255218649
  2464.56641  0.000403925456  0.000246382755
  2489.96436  0.000400336634  0.000237852146
  2515.62402  0.000395990617  0.000229616795
  2541.5481  0.000390847883  0.000221667113
  2567.73926  0.000384774146  0.000213993335
  2594.20044  0.000377388787  0.000206584024
  2620.93433  0.00036435842  0.000199431539
  2647.9436  0.000320454972  0.000222777177
  2675.23145  0.000359900674  0.000215001899
  2702.80005  0.000363033381  0.000207498189
  2730.65332  0.000362312887  0.00020025656
  2758.79346  0.000360030157  0.0001932671
  2787.22314  0.000356899633  0.000186522011
  2815.94629  0.000353235024  0.000180012037
  2844.96533  0.000349148235  0.000173729422
  2874.2832  0.000344709493  0.000167666323
  2903.90356  0.000339958235  0.00016181478
  2933.82886  0.000334798009  0.000156167036
  2964.0625  0.000329147617  0.00015071682
  2994.60791  0.000322243926  0.00014545655
  3025.46826  0.000303377194  0.000140380202
  3056.64624  0.00031333568  0.000143907862
  3088.14575  0.000310656033  0.000138935575
  3119.96973  0.000306840549  0.000134135087
  3152.12183  0.000302629574  0.000129500128
  3184.60498  0.000298129511  0.000125025224
  3217.42334  0.000293355202  0.000120705343
  3250.57959  0.000288155832  0.000116534684
  3284.07764  0.000281611137  0.000112508285
  3317.92065  0.000276260864  0.000113335671
  3352.11279  0.000275485712  0.000109443688
  3386.65698  0.000271873723  0.000105685242
  3421.55737  0.000267957017  0.000102056001
  3456.81714  0.000263909664  9.8551267E-05
  3492.44067  0.000259776425  9.51667971E-05
  3528.43091  0.000255615101  9.18986407E-05
  3564.79224  0.000251447433  8.87428323E-05
  3601.52832  0.000247285672  8.56952684E-05
  3638.64282  0.000243139206  8.27519398E-05
  3676.13989  0.000239015339  7.99073532E-05
  3714.02344  0.000234908424  7.71522391E-05
  3752.29736  0.000230831909  7.44920617E-05
  3790.96558  0.000226790871  7.19233576E-05
  3830.03247  0.000222790681  6.94431437E-05
  3869.50195  0.000218836853  6.7048255E-05
  3909.37769  0.000214930653  6.47347188E-05
  3949.66504  0.0002110637  6.24809472E-05
  3990.36719  0.000207234916  6.03034969E-05
  4031.48901  0.000203449061  5.82017492E-05
  4073.03418  0.000199710354  5.61733723E-05
  4115.00781  0.000196020424  5.42158559E-05
  4157.41357  0.000192377061  5.23265044E-05
  4200.25732  0.00018878399  5.05028038E-05
  4243.5415  0.000185243145  4.87429024E-05
  4287.27197  0.000181754833  4.70441882E-05
  4331.45361  0.00017831978  4.54045694E-05
  4376.09033  0.000174939734  4.38222669E-05
  4421.18701  0.000171610911  4.22951816E-05
  4466.74854  0.000168335901  4.08134656E-05
  4512.7793  0.000165108999  3.93794071E-05
  4559.28467  0.00016192926  3.79947851E-05
  4606.26904  0.000158799114  3.66611275E-05
  4653.73779  0.000155720758  3.53811374E-05
  4701.6958  0.000152696841  3.41460109E-05
  4750.14746  0.000149726548  3.29539253E-05
  4799.09912  0.00014680966  3.18033017E-05
  4848.55518  0.000143950208  3.06924776E-05
  4898.52051  0.000141154378  2.96163998E-05
  4949.00049  0.000138399919  2.85214828E-05
  5000.00146  0.00013564415  2.75091315E-05