Energy	cff = 2.25	alpha = 2 deg	alpha = 4 deg	cff = 2.25	cff = 2.25
eV					
	1 order	1 order	1 order	2 order	3 order
30	0.022235146	0.00857	0.01716	0.00471	0.00116
30.64641	0.022780577	0.00887	0.01777	0.00481	0.0012
31.30676	0.023387747	0.0092	0.01844	0.00493	0.00125
31.98133	0.024063678	0.00955	0.01917	0.00507	0.0013
32.67044	0.024693772	0.0099	0.01988	0.00518	0.00135
33.37439	0.025322551	0.01025	0.02061	0.0053	0.00139
34.09351	0.025877271	0.01059	0.02129	0.00539	0.00143
34.82813	0.026391113	0.01092	0.02195	0.00547	0.00147
35.57858	0.026864074	0.01125	0.0226	0.00554	0.0015
36.3452	0.027349949	0.01159	0.02327	0.0056	0.00153
37.12833	0.02783349	0.01193	0.02395	0.00567	0.00156
37.92834	0.028294588	0.01228	0.02462	0.00572	0.00159
38.74559	0.028723955	0.01262	0.02527	0.00577	0.00161
39.58045	0.029082691	0.01294	0.02588	0.00579	0.00163
40.4333	0.029286494	0.01322	0.02636	0.00577	0.00163
41.30452	0.029558918	0.01352	0.02691	0.00577	0.00164
42.19451	0.029855832	0.01384	0.02748	0.00578	0.00165
43.10368	0.030129381	0.01415	0.02804	0.00577	0.00165
44.03245	0.030339399	0.01445	0.02855	0.00576	0.00165
44.98122	0.030594442	0.01477	0.02911	0.00575	0.00166
45.95044	0.030859791	0.0151	0.02967	0.00574	0.00166
46.94054	0.031039946	0.0154	0.03016	0.00572	0.00166
47.95197	0.031292256	0.01574	0.03073	0.00571	0.00166
48.9852	0.03179292	0.01618	0.03154	0.00576	0.00169
50.0407	0.032463633	0.0167	0.03254	0.00586	0.00174
51.11893	0.033243246	0.01727	0.03366	0.00597	0.00179
52.2204	0.034110289	0.0179	0.03489	0.0061	0.00186
53.3456	0.035125244	0.0186	0.0363	0.00626	0.00194
54.49504	0.036235705	0.01935	0.03784	0.00644	0.00203
55.66926	0.037338067	0.02012	0.0394	0.00662	0.00213
56.86877	0.038546924	0.02095	0.04111	0.00682	0.00223
58.09413	0.03977016	0.02181	0.04286	0.00701	0.00234
59.3459	0.040939961	0.02266	0.04459	0.00719	0.00244
60.62463	0.04203989	0.02349	0.04628	0.00735	0.00254
61.93092	0.042920172	0.02425	0.04773	0.00746	0.00261
63.26535	0.043760724	0.025	0.04917	0.00755	0.00268
64.62855	0.0445561	0.02574	0.05056	0.00763	0.00273
66.0211	0.045244168	0.02645	0.05185	0.00768	0.00278
67.44367	0.046111695	0.02726	0.05337	0.00777	0.00285
68.8969	0.047244608	0.02821	0.05525	0.00791	0.00295
70.38142	0.048840184	0.02942	0.05775	0.00816	0.0031
71.89794	0.050721239	0.03079	0.06067	0.00846	0.00329
73.44714	0.052662764	0.03223	0.06374	0.00876	0.0035
75.02972	0.054748721	0.03377	0.06706	0.00909	0.00373
76.64639	0.056671456	0.03526	0.07023	0.00938	0.00394
78.2979	0.058451328	0.03671	0.07327	0.00963	0.00413
79.98501	0.060212288	0.03818	0.07633	0.00987	0.00433
81.70846	0.062013485	0.0397	0.07952	0.01011	0.00453
83.46904	0.063750997	0.04122	0.08266	0.01033	0.00473
85.26756	0.06543313	0.04274	0.08578	0.01053	0.00493
87.10484	0.067194305	0.04434	0.08907	0.01074	0.00513
88.9817	0.069194339	0.04611	0.09278	0.01099	0.00538
90.89899	0.071126245	0.04788	0.09646	0.01122	0.00562
92.85761	0.072862618	0.04956	0.09988	0.01139	0.00583
94.85843	0.074500442	0.05123	0.10319	0.01155	0.00603
96.90236	0.07618726	0.05296	0.10663	0.0117	0.00623
98.99033	0.077878647	0.05472	0.11012	0.01185	0.00644
101.1233	0.079503745	0.05648	0.11354	0.01199	0.00663
103.3022	0.081163339	0.05829	0.11706	0.01213	0.00683
105.5281	0.082853444	0.06016	0.12068	0.01227	0.00703
107.8019	0.08454939	0.06207	0.12434	0.0124	0.00724
110.1247	0.086256661	0.06402	0.12806	0.01254	0.00745
112.4976	0.087979853	0.06602	0.13184	0.01267	0.00766
114.9216	0.089694142	0.06805	0.13563	0.0128	0.00787
117.3979	0.091400832	0.07012	0.13944	0.01292	0.00808
119.9274	0.093069635	0.0722	0.14319	0.01302	0.00829
122.5115	0.094681151	0.07427	0.14684	0.01311	0.00849
125.1513	0.096020535	0.07618	0.14995	0.01315	0.00865
127.848	0.09711393	0.07795	0.15253	0.01314	0.00876
130.6027	0.098218866	0.07975	0.15511	0.01313	0.00888
133.4168	0.099183343	0.08147	0.15735	0.01309	0.00897
136.2916	0.1000455	0.08313	0.15933	0.01305	0.00903
139.2283	0.1008544	0.08476	0.16112	0.01299	0.00909
142.2283	0.1014738	0.08627	0.16243	0.01291	0.0091
145.2929	0.1017872	0.08754	0.16299	0.01279	0.00905
148.4235	0.1019977	0.08873	0.16321	0.01265	0.00897
151.6216	0.1020276	0.08977	0.16292	0.0125	0.00886
154.8887	0.1018268	0.09061	0.16199	0.01232	0.00869
158.2261	0.1015729	0.09139	0.16081	0.01214	0.00851
161.6354	0.101216	0.09207	0.15926	0.01195	0.00832
165.1182	0.1006825	0.09257	0.15719	0.01174	0.00809
168.676	0.1002159	0.09311	0.15515	0.01154	0.00788
172.3105	0.099925198	0.09379	0.15336	0.01137	0.00771
176.0233	0.099814512	0.09461	0.15185	0.01122	0.00758
179.8161	0.099825963	0.09552	0.15046	0.01108	0.00747
183.6906	0.1000086	0.09659	0.1493	0.01097	0.00739
187.6486	0.1004514	0.09789	0.14854	0.01089	0.00736
191.6919	0.1012259	0.09952	0.14829	0.01085	0.00739
195.8223	0.1019685	0.10111	0.14765	0.01081	0.00741
200.0417	0.1026898	0.10268	0.14646	0.01076	0.00742
204.3521	0.1033972	0.10424	0.14302	0.01072	0.00744
208.7553	0.1041271	0.10581	0.14208	0.01067	0.00746
213.2534	0.1050692	0.1076	0.14179	0.01064	0.00751
217.8484	0.1062366	0.10963	0.14193	0.01064	0.0076
222.5424	0.1077715	0.11206	0.14275	0.01068	0.00775
227.3375	0.1093437	0.11454	0.1435	0.01072	0.0079
232.236	0.1110305	0.11715	0.14434	0.01078	0.00807
237.24	0.1130806	0.12019	0.14579	0.01087	0.00829
242.3519	0.1153704	0.12351	0.14752	0.011	0.00855
247.5739	0.1174382	0.12661	0.14856	0.01111	0.00878
252.9084	0.1194461	0.12965	0.14924	0.01121	0.009
258.3578	0.1215383	0.13281	0.14987	0.01133	0.00924
263.9247	0.1235675	0.13591	0.15011	0.01144	0.00946
269.6116	0.1253828	0.13877	0.14963	0.01153	0.00966
275.4209	0.12704	0.14144	0.14859	0.01161	0.00983
281.3555	0.1283215	0.14365	0.14655	0.01164	0.00995
287.4179	0.1287379	0.14478	0.14266	0.01156	0.00996
293.6109	0.1312098	0.14842	0.14236	0.01176	0.01023
299.9374	0.1333211	0.15161	0.14108	0.01191	0.01047
306.4002	0.1353113	0.15465	0.13927	0.01205	0.01068
313.0023	0.1372723	0.15763	0.13711	0.01219	0.01089
319.7466	0.1392183	0.16059	0.13461	0.01234	0.01111
326.6362	0.1411556	0.16351	0.1318	0.01249	0.01132
333.6743	0.1430922	0.16641	0.12868	0.01265	0.01153
340.864	0.1450348	0.16929	0.12527	0.01281	0.01175
348.2086	0.1469955	0.17216	0.12159	0.01299	0.01197
355.7115	0.1489799	0.17503	0.11766	0.01318	0.0122
363.3761	0.1509965	0.17791	0.11349	0.01339	0.01243
371.2058	0.1530771	0.18084	0.10915	0.01361	0.01268
379.2043	0.1552603	0.18386	0.10471	0.01386	0.01295
387.3751	0.1576611	0.18715	0.10032	0.01415	0.01326
395.7219	0.1603941	0.19086	0.09613	0.0145	0.01363
404.2486	0.1631383	0.19455	0.09182	0.0149	0.01402
412.959	0.165564	0.19773	0.08743	0.01529	0.01435
421.8571	0.1677764	0.20052	0.08168	0.01568	0.01465
430.9469	0.1698549	0.20304	0.07556	0.01607	0.01493
440.2326	0.1718332	0.20532	0.06921	0.01649	0.0152
449.7183	0.1737643	0.20744	0.06276	0.01692	0.01546
459.4085	0.1756124	0.20932	0.05624	0.01738	0.01572
469.3074	0.1773321	0.2109	0.04969	0.01786	0.01595
479.4197	0.1788763	0.21209	0.04318	0.01835	0.01616
489.7498	0.1802507	0.21289	0.03682	0.01885	0.01635
500.3025	0.1814307	0.21324	0.03069	0.01936	0.0165
511.0826	0.1822856	0.21295	0.02486	0.01986	0.0166
522.095	0.1824652	0.21145	0.01937	0.02028	0.01657
533.3447	0.181949	0.20871	0.01441	0.02059	0.0164
544.8367	0.1785102	0.20154	0.0099	0.02039	0.0158
556.5764	0.1818087	0.20421	0.00694	0.02132	0.01627
568.569	0.1842625	0.2055	0.00444	0.02221	0.01666
580.8201	0.1862954	0.20597	0.00259	0.02313	0.017
593.3351	0.187959	0.20568	0.00151	0.02405	0.01728
606.1198	0.1893661	0.20477	0.00134	0.02499	0.01753
619.18	0.1905806	0.20335	0.00206	0.02595	0.01775
632.5215	0.1917222	0.2016	0.00369	0.02697	0.01797
646.1506	0.1928516	0.19959	0.00627	0.02807	0.01821
660.0733	0.1937661	0.19701	0.00973	0.02922	0.01843
674.296	0.1943019	0.19362	0.01396	0.03037	0.01859
688.8251	0.1944977	0.18946	0.01881	0.0315	0.01869
703.6674	0.1944068	0.18464	0.02413	0.03264	0.01875
718.8294	0.1940314	0.17914	0.02974	0.03374	0.01875
734.3181	0.1936291	0.17335	0.03554	0.03488	0.01874
750.1406	0.1932325	0.16732	0.04136	0.03608	0.01876
766.304	0.192933	0.16114	0.0471	0.03738	0.0188
782.8157	0.1929127	0.15503	0.05263	0.03886	0.01894
799.6831	0.1929051	0.14852	0.05723	0.0405	0.01914
816.914	0.1925626	0.13593	0.05953	0.04214	0.01931
834.5162	0.1919925	0.12124	0.0628	0.0438	0.01946
852.4977	0.1912297	0.10937	0.06477	0.0455	0.0196
870.8666	0.1902796	0.09816	0.06538	0.04721	0.01974
889.6313	0.1891607	0.08731	0.06459	0.04896	0.01989
908.8003	0.1878808	0.07678	0.06243	0.05072	0.02004
928.3823	0.1864612	0.06658	0.05907	0.0525	0.02019
948.3864	0.1849341	0.05679	0.05465	0.05432	0.02038
968.8214	0.1832632	0.04749	0.0494	0.05615	0.02057
989.6967	0.1814332	0.03875	0.04366	0.05799	0.02078
1011.022	0.179482	0.03071	0.03786	0.05985	0.02101
1032.807	0.1774386	0.02349	0.03095	0.06177	0.02128
1055.061	0.1752308	0.01717	0.02392	0.0637	0.02156
1077.794	0.1728498	0.01187	0.01751	0.06565	0.02186
1101.018	0.1702788	0.00768	0.01196	0.06764	0.02218
1124.741	0.1674881	0.00468	0.00745	0.06964	0.0225
1148.976	0.1644809	0.00294	0.00405	0.07168	0.02284
1173.734	0.161245	0.0025	0.00177	0.07375	0.02321
1199.024	0.1577695	0.0034	5.10423E-4	0.07581	0.02358
1224.86	0.1540738	0.00568	8.73256E-5	0.07788	0.02397
1251.252	0.1501885	0.00938	2.45121E-4	0.07994	0.02441
1278.213	0.1461577	0.01454	7.44276E-4	0.08192	0.02488
1305.755	0.1420319	0.0212	0.00145	0.08381	0.02538
1333.89	0.1379015	0.02937	0.00225	0.08551	0.02588
1362.632	0.1338936	0.03899	0.00307	0.08693	0.02636
1391.992	0.1301557	0.04992	0.00386	0.08804	0.0268
1421.986	0.1268566	0.06188	0.00461	0.08877	0.02715
1452.626	0.1241509	0.07443	0.00514	0.08906	0.02735
1483.926	0.1222113	0.087	0.00527	0.08893	0.02738
1515.9	0.1212059	0.0989	0.00508	0.0884	0.02719
1548.563	0.12121	0.10932	0.00462	0.08745	0.02672
1581.93	0.1223119	0.11741	0.00395	0.08616	0.02593
1616.016	0.1245207	0.12206	0.00317	0.0846	0.02482
1650.837	0.1276507	0.11557	0.0024	0.08285	0.0234
1686.408	0.131533	0.1107	0.0017	0.08098	0.0217
1722.745	0.1358284	0.10457	0.00109	0.07905	0.01979
1759.865	0.1400172	0.09661	6.13026E-4	0.07705	0.01774
1797.786	0.1434213	0.08642	2.72145E-4	0.07485	0.01559
1836.523	0.1450806	0.0738	7.315E-5	0.07221	0.01337
1876.095	0.1437361	0.05902	5.34555E-6	0.06872	0.01114
1916.519	0.1381844	0.0431	4.50213E-5	0.06392	0.00894
1957.815	0.1272699	0.02787	1.47036E-4	0.05725	0.0068
2000	0.1096624	0.0152	2.56127E-4	0.04797	0.00477
