Energy	cff = 2.25	alpha = 2 deg	alpha = 4 deg	cff = 2.25	cff = 2.25
eV					
	1 order	1 order	1 order	2 order	3 order
30	0.02153457081	0.008334779539	0.01664784613	0.00559	6.06157E-4
35	0.02572425577	0.01070943625	0.02147680641	0.00654	7.92726E-4
40	0.0283493775	0.01274222976	0.02538942695	0.0069	8.93159E-4
45	0.02968726021	0.01439146343	0.02826007097	0.00685	9.18312E-4
50	0.03147013429	0.01624371802	0.03152815257	0.00692	9.78843E-4
55	0.03568209657	0.01919954576	0.03741288769	0.00771	0.00121
60	0.04042700326	0.02255656018	0.04424043437	0.00861	0.0015
65	0.04356419144	0.02533018698	0.0495049228	0.00902	0.00167
70	0.04716352321	0.02843465989	0.05551131943	0.00952	0.0019
75	0.05339788544	0.03301936501	0.06526992365	0.0107	0.00238
80	0.05881194602	0.03737685016	0.07441790729	0.01169	0.00279
85	0.06370260846	0.04163014375	0.08320232832	0.01251	0.00317
90	0.06875864039	0.04613574869	0.09257366846	0.01334	0.0036
95	0.07322947246	0.05045721127	0.1013058067	0.01395	0.00401
100	0.07745151599	0.0547624989	0.1098365711	0.0144	0.00444
105	0.08149836586	0.05907712658	0.1182253268	0.01474	0.00488
110	0.08551003278	0.06347909036	0.1266689221	0.015	0.00534
115	0.08941471225	0.06791414459	0.1349958425	0.0152	0.00581
120	0.09307581316	0.07227809438	0.1428993341	0.01535	0.00624
125	0.09607644279	0.07624649988	0.1494694424	0.01541	0.00659
130	0.09806710097	0.07950925156	0.1539585215	0.01535	0.0068
135	0.09960447733	0.0824312183	0.1573896495	0.01524	0.00694
140	0.100801971	0.08507587907	0.1599517706	0.0151	0.00703
145	0.101291976	0.08712453815	0.1607890154	0.01487	0.007
150	0.1013809687	0.08879527227	0.1604814605	0.01461	0.00687
155	0.100945583	0.08996886242	0.1587712836	0.01426	0.00667
160	0.100399674	0.09096295022	0.1564931261	0.01398	0.00642
165	0.0995293538	0.09158281573	0.1532434522	0.01354	0.00616
170	0.0988297082	0.09225591284	0.1501537107	0.01317	0.00588
175	0.09850691042	0.09317912303	0.1476674102	0.01289	0.00581
180	0.09843803411	0.09431241755	0.1455630434	0.01263	0.00564
185	0.0986692449	0.09563013129	0.1438686208	0.01241	0.00556
190	0.09944181619	0.09742889076	0.1431193729	0.01235	0.00552
195	0.1003540334	0.09936900516	0.1423657458	0.01215	0.00559
200	0.1011901316	0.1011754902	0.1408447	0.01208	0.00574
205	0.1019861824	0.1029220521	0.1368065929	0.01185	0.00568
210	0.1028458939	0.1046785079	0.1359768514	0.0121	0.00578
215	0.1039481709	0.1067129968	0.1357820461	0.01193	0.00581
220	0.1054331163	0.1091272986	0.136399893	0.01167	0.00583
225	0.10709209	0.1116687586	0.1371954958	0.01184	0.00586
230	0.108789743	0.1142784542	0.1380396831	0.01194	0.00608
235	0.1106649692	0.1170868593	0.1391481011	0.01199	0.0063
240	0.1129725219	0.1203779847	0.1410103866	0.01184	0.00669
245	0.1150510588	0.1234330738	0.1422536236	0.01215	0.00692
250	0.1170121861	0.1263160926	0.1430561957	0.01204	0.00697
255	0.1189338607	0.1291972833	0.1436787955	0.01221	0.00735
260	0.1208917245	0.132088468	0.1442529577	0.01195	0.00735
265	0.1227139798	0.1348324801	0.1443545725	0.01272	0.0075
270	0.1243023258	0.1372914741	0.1438554567	0.01254	0.00801
275	0.1257451627	0.1396008139	0.1429629519	0.01252	0.00804
280	0.1268991842	0.1414969634	0.141359757	0.01242	0.00782
285	0.1262078586	0.1411500207	0.1364080104	0.01226	0.00804
290	0.1287951834	0.1447556254	0.1372366437	0.01409	0.00771
295	0.1306376337	0.1474609164	0.1366021615	0.01231	0.00723
300	0.1323234937	0.1499802338	0.1356539027	0.01221	0.00747
305	0.1338748849	0.1522903074	0.1342285573	0.01214	0.00849
310	0.1354269375	0.1546136172	0.1327775778	0.01154	0.00915
315	0.1369632913	0.1568597249	0.1311463324	0.01067	0.00871
320	0.1384016815	0.1589982085	0.1293031523	0.01322	0.00947
325	0.1398895119	0.1611832189	0.1274116681	0.01473	0.00975
330	0.1412916964	0.1632532934	0.1253111864	0.01171	0.00985
335	0.1427054463	0.1653099316	0.1231325877	0.0135	0.01053
340	0.1440947318	0.167293277	0.1208212128	0.0143	0.00953
345	0.1455250826	0.1693477136	0.1185460059	0.01277	0.01012
350	0.1468500191	0.1712518021	0.1160138712	0.0134	0.01009
355	0.1482117529	0.1731496995	0.1134580785	0.01356	0.00996
360	0.1495909228	0.1750793397	0.1109104299	0.01329	0.0107
365	0.150975222	0.1769782645	0.1082545577	0.0139	0.01076
370	0.1523501854	0.178861925	0.1055843597	0.01396	0.01073
375	0.1538365877	0.1808415745	0.1030318914	0.01375	0.011
380	0.1552421064	0.1827576182	0.1003450714	0.01398	0.01114
385	0.1567934058	0.1848288268	0.0977706139	0.01416	0.0113
390	0.1584531424	0.1870361066	0.09533190993	0.01433	0.01153
395	0.1601370545	0.1892595179	0.09289233815	0.01442	0.01167
400	0.1619991012	0.1917202465	0.0906143542	0.01463	0.01198
405	0.1635537322	0.1937472367	0.08819452863	0.01489	0.01219
410	0.165011122	0.1955894007	0.08585432876	0.01496	0.01249
415	0.1664069579	0.1973401657	0.08283815155	0.01526	0.01264
420	0.1676823594	0.1988464216	0.07955106806	0.01539	0.01284
425	0.1689251644	0.200357134	0.07634378383	0.01566	0.01299
430	0.1701044744	0.201721061	0.07305109957	0.01581	0.0131
435	0.1711978614	0.2029044315	0.06960275534	0.01599	0.01332
440	0.1723522755	0.2042229525	0.06636766086	0.01615	0.01343
445	0.1734045825	0.2053357656	0.06304396877	0.01645	0.01368
450	0.1744539841	0.206391978	0.05971899498	0.01655	0.01378
455	0.1753829224	0.2072765471	0.05638510268	0.01679	0.01391
460	0.1763294466	0.2081595418	0.05311594965	0.01699	0.01412
465	0.1772662146	0.2089873367	0.04992330819	0.01715	0.01422
470	0.1780750015	0.2096097974	0.04669833715	0.01741	0.01439
475	0.1788622814	0.2101687191	0.04355655321	0.01773	0.01448
480	0.1795884047	0.2106239396	0.04048989232	0.01771	0.01459
485	0.180338863	0.2110716481	0.03750492654	0.01807	0.01466
490	0.1808753167	0.2111847427	0.0345379413	0.01822	0.01465
495	0.1814667958	0.2113509555	0.03171376563	0.01847	0.01491
500	0.1819032557	0.2112965964	0.02893508703	0.01881	0.01491
505	0.1823386999	0.2111657424	0.02627606393	0.01897	0.0151
510	0.1827311903	0.2109541236	0.02373906115	0.01906	0.01507
515	0.1829086305	0.2103874497	0.02126938106	0.01939	0.0151
520	0.1829244687	0.2095718768	0.0189116112	0.01955	0.01513
525	0.1827780424	0.208458957	0.01667238871	0.01971	0.01505
530	0.1825367092	0.207193821	0.01459992425	0.01978	0.01499
535	0.1818862536	0.2052738544	0.01260572034	0.0199	0.0148
540	0.1806930176	0.2025770895	0.01074092656	0.01977	0.01466
545	0.1795988276	0.2000537693	0.009098210071	0.01973	0.01455
550	0.1805658079	0.2004507346	0.007811774871	0.02002	0.01469
555	0.1817972993	0.2012776356	0.006650424884	0.02033	0.01488
560	0.1829603711	0.2019549357	0.005603037012	0.02071	0.01495
565	0.1840046548	0.2024689985	0.004652412172	0.02111	0.01526
570	0.1849800516	0.2028241871	0.0038106798	0.02147	0.01535
575	0.1858421758	0.2030215823	0.003093481494	0.02188	0.01559
580	0.1866519252	0.2031041884	0.00248427571	0.02217	0.01564
585	0.1873887596	0.203056394	0.002005526228	0.02255	0.01588
590	0.1879660924	0.2027641974	0.001661267569	0.02295	0.01602
595	0.188506362	0.2023798678	0.001446401717	0.02327	0.01608
600	0.189085933	0.2020344462	0.001380304496	0.02369	0.01623
605	0.189642838	0.2016477283	0.001463678192	0.02401	0.01635
610	0.190141417	0.201132638	0.00173179588	0.02438	0.01644
615	0.1905795222	0.2004632503	0.00200648354	0.02473	0.01657
620	0.1909583707	0.1997845625	0.002429275199	0.02513	0.01664
625	0.1913847814	0.1991127063	0.002981717714	0.0255	0.01674
630	0.1916542832	0.1981974485	0.003657740111	0.02584	0.01683
635	0.1920630969	0.1974769306	0.00446983731	0.02623	0.01694
640	0.192508255	0.1967685148	0.005438882018	0.02668	0.01707
645	0.1928099386	0.1958266912	0.006405399621	0.02706	0.01716
650	0.1931312427	0.1949013328	0.00753148613	0.02748	0.01727
655	0.193361584	0.1938520987	0.008749673233	0.02788	0.01735
660	0.1936130127	0.1927949256	0.01006518787	0.02828	0.01744
665	0.1938626609	0.191759021	0.01147484998	0.0287	0.01755
670	0.1940864778	0.1905483909	0.0129379739	0.02912	0.01764
675	0.1941460358	0.1892254134	0.01445974817	0.02952	0.0177
680	0.1941825814	0.1877676057	0.01604358566	0.02992	0.01776
685	0.1942025578	0.186307196	0.01768168685	0.03031	0.01781
690	0.1941812831	0.1847330247	0.01934404357	0.0307	0.01785
695	0.1940891432	0.1830642653	0.02104029863	0.03105	0.01787
700	0.1940573287	0.1814525603	0.02277778341	0.03144	0.01792
705	0.194019009	0.179815517	0.02453775639	0.03184	0.01797
710	0.1937642581	0.1778610323	0.02623934018	0.03218	0.01797
715	0.1935079152	0.1759030117	0.02795268292	0.03252	0.01796
720	0.1932761818	0.1739240293	0.02967609736	0.03285	0.01796
725	0.1932265209	0.1722038997	0.03148817283	0.03324	0.018
730	0.1931854544	0.1705023701	0.03330636976	0.03363	0.01805
735	0.1929199593	0.1684679079	0.03498836589	0.03397	0.01804
740	0.1926853762	0.166435674	0.03667453088	0.03432	0.01803
745	0.1925378619	0.1645318657	0.03839266832	0.03469	0.01805
750	0.1924275843	0.1626755048	0.04009225446	0.03508	0.01809
755	0.1923582931	0.1608649902	0.04177391682	0.0355	0.01814
760	0.1922333613	0.158934923	0.04338690133	0.0359	0.01817
765	0.1920529087	0.1569196213	0.04492599443	0.03628	0.01819
770	0.1920303252	0.1551195675	0.04652917593	0.03672	0.01825
775	0.1920668564	0.1533811848	0.04812569859	0.03719	0.01833
780	0.1921023486	0.1516091645	0.04966789581	0.03767	0.01841
785	0.1921306112	0.1498075897	0.05113075103	0.03815	0.0185
790	0.1920490805	0.1478432045	0.05238914484	0.03861	0.01856
795	0.1919493137	0.1458041257	0.05351258951	0.03906	0.01862
800	0.1919138532	0.1438100125	0.05455239649	0.03956	0.01871
805	0.191921033	0.1418065592	0.05545143994	0.04009	0.01881
810	0.1917806246	0.1394792866	0.05600744802	0.04056	0.01888
815	0.1915496273	0.1339631487	0.0559767506	0.041	0.01891
820	0.1913653238	0.1280735157	0.05708623341	0.04147	0.01897
825	0.1912398165	0.123912912	0.05809424484	0.04195	0.01904
830	0.1910961447	0.1202106511	0.0589559287	0.04243	0.01911
835	0.1908551994	0.1166595255	0.05956811469	0.04289	0.01916
840	0.1906160778	0.1132950274	0.06007890608	0.04335	0.01921
845	0.1903732818	0.1100529773	0.06048866335	0.04381	0.01926
850	0.1901294572	0.1069130872	0.06080698591	0.04429	0.01932
855	0.1899524192	0.103917681	0.06113447398	0.04478	0.01939
860	0.1898149494	0.1010315667	0.06146373105	0.0453	0.01948
865	0.1896487861	0.09817510041	0.06166800222	0.0458	0.01955
870	0.1892833637	0.09516891981	0.06155879725	0.04622	0.01957
875	0.1889112053	0.09221655788	0.06136127505	0.04664	0.01959
880	0.1886219064	0.08939138738	0.06110542875	0.0471	0.01965
885	0.188374502	0.08665102449	0.06078553077	0.0476	0.01972
890	0.188117176	0.08394577351	0.06037264267	0.0481	0.01979
895	0.1877417676	0.08117814436	0.05983225199	0.04853	0.01982
900	0.1873650007	0.07845637483	0.05921353733	0.04897	0.01985
905	0.187050125	0.07582941345	0.05854201257	0.04944	0.01991
910	0.1867994559	0.07329593259	0.05782301145	0.04996	0.01999
915	0.1865591621	0.07080303422	0.05703539258	0.05049	0.02008
920	0.1862161776	0.06827827296	0.05614492385	0.05097	0.02014
925	0.1858395101	0.06577345937	0.05518480265	0.05142	0.02018
930	0.1854597463	0.06330942175	0.05416890074	0.05188	0.02022
935	0.1850821808	0.06088996283	0.05310266535	0.05234	0.02027
940	0.1847010761	0.05851576312	0.05198391024	0.0528	0.02032
945	0.1843244389	0.0561889241	0.05083279885	0.05327	0.02037
950	0.1840420571	0.05396029568	0.04982003444	0.05378	0.02045
955	0.1837617461	0.05177070864	0.04876970349	0.0543	0.02053
960	0.1834614374	0.04961470908	0.04766805776	0.05481	0.02061
965	0.1829376575	0.04738787194	0.04633882658	0.0552	0.02061
970	0.1824121295	0.04521309889	0.04498866762	0.05559	0.02061
975	0.1818820391	0.04308938587	0.04362341196	0.05598	0.02061
980	0.181507149	0.04109545613	0.04227017224	0.05649	0.02068
985	0.1811336467	0.03914959093	0.04090489322	0.057	0.02076
990	0.1807548751	0.03725342145	0.0395319173	0.05752	0.02084
995	0.180309336	0.03537630566	0.03814663505	0.05799	0.02089
1000	0.1798471769	0.03354533304	0.03676091889	0.05846	0.02093
1005	0.1793800633	0.03176701492	0.03538198507	0.05893	0.02098
1010	0.1789045484	0.03004049404	0.03401592167	0.0594	0.02103
1015	0.1784212887	0.02836445277	0.03268068919	0.05987	0.02108
1020	0.1779356655	0.02674336266	0.03107093229	0.06034	0.02112
1025	0.1774456723	0.02517639144	0.02933421019	0.06082	0.02117
1030	0.1769432802	0.02366064705	0.02770740399	0.0613	0.02122
1035	0.1764360991	0.02220032081	0.02613902034	0.06178	0.02127
1040	0.1759285412	0.02079547946	0.02461698322	0.06226	0.02132
1045	0.175404559	0.01944328428	0.02313911307	0.06274	0.02137
1050	0.1748702478	0.01814539646	0.02170546328	0.06322	0.02142
1055	0.1743327984	0.01690363064	0.02031442172	0.0637	0.02147
1060	0.1737938129	0.01571787008	0.01896958149	0.06419	0.02152
1065	0.1732289162	0.01458407186	0.01767048698	0.06466	0.02157
1070	0.1726610276	0.0135064607	0.01641771397	0.06514	0.02161
1075	0.1720920296	0.01248606232	0.01521348539	0.06562	0.02166
1080	0.1715115153	0.0115204825	0.01405780126	0.0661	0.02171
1085	0.1709109264	0.01060952945	0.01295310982	0.06657	0.02175
1090	0.1703111321	0.009755707455	0.01189831295	0.06705	0.0218
1095	0.1697041466	0.008957045941	0.01089363677	0.06752	0.02185
1100	0.1690859949	0.008214638191	0.009938990345	0.068	0.02189
1105	0.1684532669	0.007526427727	0.009034593956	0.06846	0.02194
1110	0.1678173078	0.006894398058	0.008180038729	0.06893	0.02198
1115	0.1671771863	0.006319098746	0.007375111047	0.06941	0.02203
1120	0.1665604784	0.005796158732	0.00662926638	0.06989	0.02209
1125	0.165990875	0.005321563881	0.005947698288	0.07038	0.02216
1130	0.1654182172	0.004901599544	0.00530783973	0.07088	0.02223
1135	0.1648428062	0.004536599712	0.004709239275	0.07138	0.02231
1140	0.1642463074	0.004227861148	0.004149080266	0.07187	0.02238
1145	0.1635516353	0.003980957027	0.003616647646	0.07232	0.02242
1150	0.162854608	0.003790013125	0.003128558891	0.07276	0.02247
1155	0.1621570975	0.003654358544	0.002682478818	0.07321	0.02252
1160	0.1614550786	0.003573854434	0.002278117041	0.07366	0.02257
1165	0.1607415223	0.003548251032	0.001914077124	0.07409	0.02262
1170	0.1600232763	0.003578001998	0.001588348271	0.07451	0.02266
1175	0.1593020893	0.003662322184	0.001299683307	0.07494	0.02271
1180	0.1585823534	0.003801850383	0.001046595571	0.07536	0.02277
1185	0.1578579675	0.003996281374	8.273995432E-4	0.07578	0.02282
1190	0.15712608	0.00424537165	6.406580042E-4	0.07618	0.02287
1195	0.1563951487	0.004549438522	4.844442816E-4	0.07658	0.02292
1200	0.1556649556	0.004908364406	3.571322583E-4	0.07697	0.02297
1205	0.1549382496	0.005322055901	2.567520538E-4	0.07737	0.02302
1210	0.1542525602	0.005781994385	1.821433387E-4	0.07778	0.0231
1215	0.1535915199	0.006290619527	1.304047877E-4	0.0782	0.02318
1220	0.1529306651	0.006853616665	9.766172602E-5	0.07862	0.02326
1225	0.1522714378	0.007470901987	8.922925615E-5	0.07904	0.02335
1230	0.1516138602	0.008142314544	9.981212618E-5	0.07947	0.02345
1235	0.1509021239	0.008877979948	1.25186689E-4	0.07982	0.02351
1240	0.1501733409	0.00967208402	1.653261707E-4	0.08015	0.02357
1245	0.1494546257	0.01051963067	2.195618777E-4	0.08047	0.02362
1250	0.1487447125	0.01142075749	2.868879175E-4	0.08079	0.02368
1255	0.148042805	0.01237583726	3.661961653E-4	0.0811	0.02374
1260	0.1473448312	0.01338372165	4.561659618E-4	0.08139	0.0238
1265	0.1466521399	0.01444385275	5.557709966E-4	0.08166	0.02385
1270	0.1459750517	0.01555541332	6.634700573E-4	0.08193	0.02391
1275	0.14530996	0.01671918641	7.783849989E-4	0.08219	0.02397
1280	0.1446570598	0.01793334072	8.9905774E-4	0.08244	0.02403
1285	0.1440238406	0.01919341302	0.0010257916	0.08271	0.0241
1290	0.1434182353	0.02049408784	0.001159441516	0.083	0.02419
1295	0.1428184565	0.02184387296	0.001296490006	0.0833	0.02428
1300	0.1422316137	0.02324290514	0.001436162082	0.08359	0.02438
1305	0.1416500904	0.02469079077	0.001577431696	0.08388	0.02448
1310	0.1410801468	0.02618558844	0.001719149614	0.08416	0.02458
1315	0.1405054559	0.02772860744	0.001854050148	0.08433	0.02463
1320	0.1399477212	0.02931448891	0.001985276221	0.08447	0.02468
1325	0.1394099597	0.03094048421	0.002113506234	0.08459	0.02472
1330	0.1388936515	0.03260565434	0.002238150654	0.08471	0.02476
1335	0.138399702	0.03430772431	0.002358944337	0.08481	0.0248
1340	0.137928136	0.03604417233	0.002475833044	0.08491	0.02484
1345	0.1374496932	0.03781317042	0.002599425442	0.08508	0.02491
1350	0.1369879728	0.03961659991	0.002719601013	0.08523	0.02499
1355	0.1365444165	0.04145404719	0.002836238137	0.08538	0.02506
1360	0.1361159706	0.043322847	0.00294934474	0.08553	0.02514
1365	0.1357034536	0.04522284923	0.00305903243	0.08566	0.02521
1370	0.1353093412	0.04714995428	0.00316536525	0.08579	0.02528
1375	0.134924318	0.04909380136	0.00326893461	0.08589	0.02534
1380	0.1345576466	0.05106121872	0.00336937419	0.08597	0.0254
1385	0.1342100795	0.05304910412	0.00346706533	0.08605	0.02546
1390	0.1338827593	0.05505612327	0.003562240422	0.08613	0.02551
1395	0.1335747053	0.05708000454	0.003654862959	0.08619	0.02557
1400	0.1332867642	0.05911778914	0.003744976331	0.08625	0.02562
1405	0.1330631084	0.06112347066	0.00382334745	0.08619	0.02562
1410	0.1328866142	0.06310015134	0.003894913701	0.08607	0.02558
1415	0.1327410084	0.06507324277	0.00396498839	0.08594	0.02554
1420	0.1326257419	0.06703764797	0.004033879007	0.0858	0.0255
1425	0.1325420019	0.06898692895	0.00411276122	0.08565	0.02545
1430	0.1324921853	0.07092095231	0.004171327298	0.08549	0.02539
1435	0.132461665	0.07284247334	0.004216494339	0.08533	0.02533
1440	0.1323583819	0.07481586499	0.004269673683	0.08527	0.02532
1445	0.1322785887	0.07677694112	0.004317196768	0.0852	0.02531
1450	0.1322226797	0.07872260618	0.004359160807	0.08512	0.02529
1455	0.1321907175	0.08065095879	0.004395313799	0.08504	0.02528
1460	0.1321831521	0.0825607047	0.004425812619	0.08495	0.02525
1465	0.1321992988	0.08444690701	0.00445023337	0.08485	0.02522
1470	0.1322371556	0.08630516258	0.004469126784	0.08475	0.02519
1475	0.132278825	0.0881189662	0.004482963067	0.08463	0.02514
1480	0.1323452845	0.08990254142	0.004491156027	0.08449	0.02509
1485	0.1324355321	0.09165436716	0.004493877556	0.08436	0.02503
1490	0.1325479499	0.09337054728	0.004491290789	0.08422	0.02497
1495	0.1326859457	0.09504900696	0.004483979834	0.08408	0.0249
1500	0.1328474102	0.09668862538	0.004471839134	0.08393	0.02483
1505	0.1330298969	0.09828629366	0.004456174173	0.08378	0.02475
1510	0.1332377012	0.09979357697	0.004435759573	0.08359	0.02465
1515	0.1334693215	0.1012491364	0.004412022229	0.0834	0.02454
1520	0.1337231158	0.1026562411	0.004386071113	0.0832	0.02442
1525	0.1340009925	0.1040038096	0.004358326366	0.083	0.0243
1530	0.1342986864	0.1052997077	0.004329216891	0.0828	0.02417
1535	0.1346226486	0.1065374106	0.004299130703	0.0826	0.02404
1540	0.1349658631	0.1077170784	0.004268752043	0.0824	0.02391
1545	0.1353197922	0.1088292644	0.004237776757	0.08219	0.02376
1550	0.1356653813	0.1098645352	0.004207312567	0.08196	0.0236
1555	0.1360301401	0.1108366472	0.00417641405	0.08174	0.02344
1560	0.1364129547	0.1117415375	0.004144548834	0.08151	0.02327
1565	0.1368143959	0.1125774583	0.004111399412	0.08128	0.0231
1570	0.1372307567	0.1133408737	0.00407651936	0.08106	0.02292
1575	0.1376666235	0.1140333981	0.004038776341	0.08083	0.02274
1580	0.1381189999	0.1146502014	0.003998131553	0.08061	0.02256
1585	0.1385740068	0.1151845454	0.003953025009	0.08038	0.02236
1590	0.1390147418	0.1156241681	0.003903104575	0.08014	0.02216
1595	0.1394653822	0.1159789431	0.003846936263	0.0799	0.02195
1600	0.1399274142	0.1162431463	0.003783463255	0.07966	0.02174
1605	0.1404005717	0.11640601	0.003712081832	0.07943	0.02153
1610	0.1408840563	0.1164574336	0.003631808188	0.07919	0.02131
1615	0.1413767693	0.1163789772	0.003542104943	0.07896	0.02109
1620	0.1418783094	0.1161285172	0.003442451406	0.07873	0.02087
1625	0.1423886201	0.1155850466	0.003332479589	0.07851	0.02064
1630	0.1428678546	0.1126354867	0.003211841738	0.07827	0.0204
1635	0.1433389925	0.1109359852	0.003087247385	0.07803	0.02016
1640	0.1438146901	0.1097958191	0.002953031926	0.07779	0.01992
1645	0.1442919369	0.1088379307	0.002810194606	0.07755	0.01968
1650	0.1447707314	0.1079639825	0.002659924086	0.07732	0.01943
1655	0.1452488293	0.1071322581	0.002503285945	0.07709	0.01918
1660	0.1457247613	0.1063229564	0.002342176661	0.07686	0.01893
1665	0.1461999372	0.1055209734	0.002177721686	0.07664	0.01868
1670	0.1466712291	0.104720845	0.002012013589	0.07642	0.01843
1675	0.1470861492	0.1038999817	0.00184669309	0.07618	0.01817
1680	0.1474858682	0.1030669229	0.001683636534	0.07594	0.01791
1685	0.1478771984	0.1022207348	0.001524493506	0.0757	0.01765
1690	0.1482604448	0.1013565603	0.001370801777	0.07547	0.01739
1695	0.1486272698	0.1004784559	0.0012243652	0.07524	0.01713
1700	0.1489829674	0.09957844235	0.001086346777	0.07501	0.01686
1705	0.1493263333	0.09865815426	9.579620794E-4	0.07478	0.0166
1710	0.1496532959	0.09771507645	8.40166856E-4	0.07455	0.01634
1715	0.1499630428	0.09674914221	7.337745821E-4	0.07433	0.01608
1720	0.1502358056	0.09575084471	6.39082058E-4	0.0741	0.01582
1725	0.1504630989	0.09471573409	5.565156309E-4	0.07385	0.01555
1730	0.1506691036	0.09365437794	4.857408986E-4	0.07361	0.01529
1735	0.1508509398	0.09256728329	4.26431073E-4	0.07337	0.01502
1740	0.1510079765	0.09145261549	3.780959723E-4	0.07313	0.01476
1745	0.1511421547	0.09030827303	3.398126264E-4	0.07289	0.0145
1750	0.1512434652	0.08913777177	3.106447143E-4	0.07264	0.01424
1755	0.1513180073	0.08793549433	2.895028731E-4	0.0724	0.01398
1760	0.1513657815	0.08670478313	2.751610223E-4	0.07215	0.01373
1765	0.1513801035	0.08544373679	2.662177441E-4	0.0719	0.01347
1770	0.1513358416	0.08413408218	2.6165755E-4	0.07164	0.01322
1775	0.1512205628	0.08277180976	2.60093964E-4	0.07135	0.01295
1780	0.1510703388	0.08138035636	2.604623958E-4	0.07106	0.0127
1785	0.1508829241	0.07995702671	2.614425771E-4	0.07076	0.01244
1790	0.1506550727	0.07850336194	2.621520606E-4	0.07046	0.01219
1795	0.1503881701	0.0770200225	2.616702752E-4	0.07016	0.01193
1800	0.1500808099	0.07550787569	2.594354075E-4	0.06984	0.01168
1805	0.1497236963	0.0739694233	2.548609235E-4	0.06952	0.01144
1810	0.1493410902	0.07239982187	2.4765782E-4	0.0692	0.01119
1815	0.148908039	0.07080636995	2.376740982E-4	0.06886	0.01095
1820	0.148428754	0.06918739303	2.250830611E-4	0.06852	0.01071
1825	0.1478209363	0.06748949271	2.092334927E-4	0.06812	0.01046
1830	0.1471529005	0.06576332542	1.911517293E-4	0.06771	0.01021
1835	0.1464356746	0.06402113327	1.715479325E-4	0.06729	0.00996
1840	0.1456707387	0.06226352337	1.507510154E-4	0.06685	0.00972
1845	0.1448549768	0.06049407163	1.297112759E-4	0.0664	0.00947
1850	0.1439949667	0.05871398558	1.091117367E-4	0.06594	0.00924
1855	0.1430833648	0.05692664765	8.97276065E-5	0.06547	0.009
1860	0.1421231198	0.05513472977	7.208863145E-5	0.06498	0.00877
1865	0.1411162806	0.05334087048	5.673723085E-5	0.06448	0.00854
1870	0.1400650087	0.05154878915	4.418069267E-5	0.06397	0.00832
1875	0.1389623665	0.04976176478	3.471635499E-5	0.06344	0.00809
1880	0.1377082829	0.04791368319	2.857459849E-5	0.06284	0.00786
1885	0.1363477036	0.04604437968	2.580666308E-5	0.06219	0.00763
1890	0.13493919	0.04419187492	2.632795404E-5	0.06153	0.0074
1895	0.133482141	0.04235894088	2.999034178E-5	0.06085	0.00718
1900	0.1319789453	0.04055119495	3.651908985E-5	0.06016	0.00696
1905	0.1304324682	0.03876879057	4.55806761E-5	0.05945	0.00674
1910	0.1288353743	0.03701744851	5.676459138E-5	0.05872	0.00653
1915	0.1272074314	0.03529935368	6.964478186E-5	0.05798	0.00632
1920	0.1255360197	0.03361790186	8.37683742E-5	0.05722	0.00612
1925	0.1238254191	0.03197553813	9.858165814E-5	0.05645	0.00592
1930	0.1220813199	0.03037564158	1.137809102E-4	0.05566	0.00572
1935	0.1202957204	0.02881741832	1.288901469E-4	0.05486	0.00553
1940	0.1182285107	0.02719537252	1.433763951E-4	0.05392	0.00532
1945	0.1160309498	0.02559092604	1.569913304E-4	0.05291	0.00511
1950	0.1138045642	0.02404871596	1.6963585E-4	0.0519	0.0049
1955	0.1115475994	0.022570215	1.811574597E-4	0.05087	0.00471
1960	0.1092685959	0.0211549695	1.916128493E-4	0.04983	0.00451
1965	0.106967514	0.01980453391	2.010204678E-4	0.04878	0.00432
1970	0.1046489644	0.01851765234	2.095735665E-4	0.04772	0.00414
1975	0.1023159435	0.01729367931	2.174436362E-4	0.04666	0.00397
1980	0.0999738577	0.01613148736	2.249235525E-4	0.0456	0.0038
1985	0.09762387142	0.0150301508	2.322013385E-4	0.04452	0.00363
1990	0.09525792406	0.0139879284	2.396319315E-4	0.04345	0.00347
1995	0.09291486797	0.01300394119	2.474172141E-4	0.04238	0.00332
2000	0.09056283929	0.01207517117	2.557405287E-4	0.04131	0.00318
