 C Density=2.20
 Energy(eV), Delta, Beta
500.  0.001842845  0.000594567857
  512.5802  0.00176377723  0.000544663344
  525.476868  0.00168701168  0.00049894827
  538.698059  0.00161258609  0.000457068847
  552.251953  0.00154071348  0.00041870476
  566.14679  0.00147131027  0.000383560517
  580.391296  0.00140450743  0.000351366965
  594.994141  0.00134022429  0.000321876054
  609.964417  0.00127848587  0.000294859026
  625.311401  0.00121922872  0.000270110439
  641.044434  0.00116241199  0.000247438933
  657.17334  0.00110797025  0.000226670832
  673.708069  0.00105574436  0.000207726727
  690.658813  0.00100589776  0.000190759689
  708.036072  0.00095918891  0.000175084337
  725.850525  0.000914372678  0.00015977741
  744.11322  0.000870979158  0.000145647442
  762.835388  0.000829365454  0.000132766654
  782.028625  0.000789525686  0.000121021018
  801.704712  0.000751448504  0.000110310008
  821.875916  0.000715084665  0.000100545883
  842.554626  0.000680392957  9.16437784E-05
  863.753601  0.000647317793  8.35054889E-05
  885.486023  0.000615761441  7.60683033E-05
  907.765137  0.000585683854  6.92935573E-05
  930.604858  0.000557030726  6.31151925E-05
  954.019226  0.000529738027  5.74723636E-05
  978.022705  0.000503740564  5.23298622E-05
  1002.63013  0.00047899122  4.76472997E-05
  1027.85669  0.000455445144  4.33879068E-05
  1053.71802  0.000433058129  3.94844974E-05
  1080.22986  0.000411732181  3.59063124E-05
  1107.40894  0.000391431415  3.26514783E-05
  1135.27173  0.000372115755  2.96914259E-05
  1163.83557  0.000353742886  2.70006858E-05
  1193.11804  0.00033627206  2.45538158E-05
  1223.13733  0.000319663261  2.23284533E-05
  1253.91199  0.000303878187  2.02979536E-05
  1285.46094  0.000288868265  1.84381333E-05
  1317.80359  0.000274588005  1.67436665E-05
  1350.95996  0.000261008856  1.52047805E-05
  1384.95081  0.000248098804  1.38073619E-05
  1419.79663  0.000235827189  1.25383722E-05
  1455.51917  0.000224163901  1.13857723E-05
  1492.14062  0.000213079416  1.03380808E-05
  1529.68347  0.000202544557  9.38275389E-06
  1568.1709  0.000192529798  8.5152642E-06
  1607.62671  0.000183011551  7.72792555E-06
  1648.07507  0.000173965644  7.01337513E-06
  1689.54138  0.000165369333  6.36495361E-06
  1732.05078  0.000157201328  5.77614219E-06
  1775.62988  0.000149439016  5.23922881E-06
  1820.3053  0.000142060802  4.7513422E-06
  1866.10498  0.000135048176  4.30886894E-06
  1913.05688  0.000128383937  3.90763353E-06
  1961.19006  0.000122050216  3.54376766E-06
  2010.5343  0.00011603145  3.21435868E-06
  2061.12036  0.000110312605  2.91479296E-06
  2112.97876  0.000104876999  2.64230221E-06
  2166.14209  9.97108E-05  2.39505107E-06
  2220.64307  9.48008601E-05  2.17072261E-06
  2276.51514  9.01343301E-05  1.96723022E-06
  2333.79321  8.569895E-05  1.78265475E-06
  2392.51221  8.14833256E-05  1.61517119E-06
  2452.70898  7.74764194E-05  1.46334708E-06
  2514.41992  7.36680158E-05  1.3256174E-06
  2577.68359  7.00479141E-05  1.20077902E-06
  2642.53931  6.66071282E-05  1.0875516E-06
  2709.02661  6.33363888E-05  9.84895678E-07
  2777.18652  6.02273394E-05  8.91844991E-07
  2847.06152  5.72718527E-05  8.07537617E-07
  2918.69482  5.44623472E-05  7.31074977E-07
  2992.13037  5.17916087E-05  6.61799618E-07
  3067.41333  4.92526306E-05  5.99020098E-07
  3144.59058  4.68389335E-05  5.42129726E-07
  3223.70972  4.45441692E-05  4.9059247E-07
  3304.81958  4.23625424E-05  4.43893498E-07
  3387.96997  4.02883452E-05  4.01600801E-07
  3473.21265  3.83163424E-05  3.63286233E-07
  3560.6001  3.644139E-05  3.28585941E-07
  3650.18604  3.46587185E-05  2.97160483E-07
  3742.02612  3.29636896E-05  2.68708277E-07
  3836.17676  3.13519813E-05  2.42943656E-07
  3932.69653  2.98195191E-05  2.19621313E-07
  4031.64478  2.83622703E-05  1.98575833E-07
  4133.08252  2.6976666E-05  1.79470021E-07
  4237.07227  2.56590392E-05  1.62185202E-07
  4343.67871  2.44060775E-05  1.4654843E-07
  4452.96729  2.32145539E-05  1.32412978E-07
  4565.00586  2.20814745E-05  1.19628027E-07
  4679.86279  2.10039379E-05  1.08067105E-07
  4797.60986  1.99791994E-05  9.7617658E-08
  4918.31982  1.90046849E-05  8.8172122E-08
  5042.06641  1.8077857E-05  7.96346455E-08
  5168.92676  1.71964202E-05  7.19171638E-08
  5298.979  1.63581444E-05  6.49440324E-08
  5432.30322  1.55608523E-05  5.86403743E-08
  5568.98193  1.48025774E-05  5.29457189E-08
  5709.09961  1.40813854E-05  4.78038267E-08
  5852.74268  1.33954309E-05  4.31564509E-08
  6000.  1.2743013E-05  3.89588521E-08