 C Density=2.2
 Energy(eV), Delta, Beta
  500.  0.001842845  0.000594567857
  503.010742  0.00182355312  0.000582107226
  506.039673  0.00180435635  0.000569907541
  509.086792  0.00178535841  0.00055796362
  512.152283  0.00176640251  0.000546270283
  515.236206  0.00174761645  0.000534822582
  518.338745  0.00172899896  0.000523614464
  521.459961  0.00171044329  0.000512640749
  524.599915  0.00169208471  0.000501897186
  527.758789  0.00167384895  0.000491378247
  530.936707  0.00165573554  0.000481079915
  534.133728  0.00163781631  0.000470997475
  537.350037  0.00161998172  0.000461126736
  540.585693  0.00160231721  0.000451462984
  543.840881  0.00158482534  0.000442001299
  547.115601  0.00156742474  0.000432738074
  550.410095  0.00155021332  0.000423668884
  553.724426  0.00153313926  0.000414789974
  557.058716  0.00151619792  0.000406097271
  560.413025  0.00149944285  0.000397586846
  563.787598  0.00148279441  0.000389253517
  567.182434  0.00146631175  0.000381095015
  570.597717  0.00144999998  0.000373107643
  574.03363  0.00143379462  0.000365288666
  577.490173  0.00141776993  0.000357633631
  580.967529  0.00140188739  0.000350138842
  584.465881  0.00138614012  0.000342801388
  587.985229  0.00137056923  0.000335617777
  591.525818  0.00135511789  0.000328584079
  595.087708  0.00133982592  0.000321697706
  598.671021  0.00132469856  0.000314955454
  602.27594  0.00130968506  0.000308354531
  605.902527  0.00129484152  0.000301891996
  609.551025  0.00128013932  0.000295565114
  613.221497  0.0012655718  0.000289371237
  616.914001  0.00125116995  0.000283307047
  620.628784  0.00123689149  0.000277369487
  624.365845  0.00122276426  0.000271556317
  628.125549  0.00120879291  0.000265864888
  631.907837  0.00119493797  0.000260293309
  635.712891  0.00118124159  0.000254838291
  639.540771  0.00116768328  0.000249497622
  643.391846  0.00115425454  0.000244268478
  647.266052  0.0011409804  0.000239148983
  651.163574  0.00112782512  0.000234137333
  655.084534  0.0011148107  0.000229230878
  659.029175  0.00110194169  0.000224427
  662.997559  0.00108917116  0.000219723181
  666.989807  0.00107654836  0.00021511798
  671.006104  0.00106405024  0.00021064101
  675.04657  0.0010516661  0.0002063024
  679.111389  0.00103942584  0.000202052935
  683.200684  0.00102735532  0.000197944755
  687.314575  0.00101543462  0.00019393902
  691.453308  0.00100366259  0.000190015766
  695.616821  0.000992183923  0.000186193749
  699.805542  0.000980835874  0.000182448435
  704.019409  0.000969642308  0.000178693896
  708.258728  0.000958614517  0.000174887042
  712.523499  0.000947711989  0.000171161315
  716.813965  0.000936815923  0.000167414051
  721.13031  0.000925999193  0.000163709847
  725.472656  0.000915302779  0.000160087729
  729.841064  0.000904637214  0.000156546317
  734.23584  0.00089409569  0.000153083209
  738.657043  0.000883655448  0.000149696745
  743.104858  0.000873301062  0.000146385253
  747.579529  0.000863067922  0.00014314687
  752.081116  0.00085292483  0.000139980169
  756.609802  0.000842888141  0.000136883507
  761.16571  0.000832968741  0.000133855341
  765.749084  0.000823133392  0.000130893575
  770.360107  0.000813414168  0.000127997206
  774.99884  0.000803799776  0.000125164719
  779.665527  0.000794281194  0.000122394296
  784.360291  0.000784875359  0.000119685195
  789.083374  0.000775564287  0.000117035423
  793.834778  0.000766356301  0.000114444309
  798.614929  0.000757257163  0.000111910333
  803.423828  0.000748245628  0.000109432185
  808.261658  0.000739341369  0.00010700892
  813.128601  0.000730537227  0.000104639425
  818.024902  0.000721826626  0.00010232252
  822.950684  0.000713219924  0.000100056997
  827.906067  0.000704707054  9.78419048E-05
  832.891357  0.000696291274  9.56759541E-05
  837.906616  0.000687976135  9.35579737E-05
  842.952087  0.000679750287  9.14823322E-05
  848.027954  0.000671622751  8.94527839E-05
  853.134399  0.000663588347  8.7466673E-05
  858.271545  0.000655641721  8.55213802E-05
  863.439697  0.00064779009  8.36193358E-05
  868.638855  0.000640023209  8.17569889E-05
  873.869446  0.000632344105  7.99346308E-05
  879.131409  0.000624757318  7.81529889E-05
  884.425171  0.000617249694  7.64113793E-05
  889.750793  0.000609832001  7.47086015E-05
  895.108398  0.000602501037  7.30437969E-05
  900.498352  0.000595252146  7.14160342E-05
  905.920654  0.000588090625  6.98246149E-05
  911.375732  0.000581011176  6.82687314E-05
  916.863647  0.000574014732  6.67475688E-05
  922.384521  0.00056710263  6.52603194E-05
  927.938721  0.000560268003  6.38010824E-05
  933.526306  0.000553515507  6.23743108E-05
  939.147522  0.000546841999  6.09792078E-05
  944.802612  0.000540242705  5.96147001E-05
  950.491821  0.000533722865  5.82807115E-05
  956.215271  0.000527278055  5.69761178E-05
  961.973145  0.000520908681  5.57005114E-05
  967.765625  0.0005146162  5.44534705E-05
  973.59314  0.000508394907  5.3233889E-05
  979.455566  0.000502248644  5.20416033E-05
  985.353394  0.000496175315  5.08760822E-05
  991.286743  0.000490171951  4.97368055E-05
  997.255798  0.000484241347  4.86230929E-05
  1003.26086  0.000478380476  4.75344168E-05
  1009.302  0.000472589396  4.64702134E-05
  1015.37958  0.000466868281  4.54297842E-05
  1021.49365  0.000461217831  4.44143006E-05
  1027.64465  0.000455635745  4.34216345E-05
  1033.83264  0.000450121675  4.24493919E-05
  1040.05786  0.000444675534  4.14936876E-05
  1046.32056  0.000439295312  4.05594947E-05
  1052.62097  0.000433975219  3.96420655E-05
  1058.95947  0.000428715924  3.87423643E-05
  1065.33594  0.000423520483  3.78630903E-05
  1071.75098  0.000418382464  3.70041707E-05
  1078.20447  0.000413306348  3.61647908E-05
  1084.69702  0.000408290914  3.53443284E-05
  1091.22852  0.000403334067  3.45422814E-05
  1097.79932  0.000398437405  3.37584424E-05
  1104.40979  0.000393598515  3.29920695E-05
  1111.06006  0.000388817163  3.22428568E-05
  1117.75024  0.000384093932  3.15106699E-05
  1124.48083  0.000379425794  3.07955816E-05
  1131.25195  0.000374814117  3.00968131E-05
  1138.06384  0.000370258203  2.94139263E-05
  1144.91663  0.000365756714  2.87466082E-05
  1151.81091  0.000361309794  2.80943968E-05
  1158.74646  0.000356916484  2.74569229E-05
  1165.72388  0.000352576026  2.68338263E-05
  1172.74341  0.000348288246  2.62248705E-05
  1179.80505  0.000344052183  2.56298918E-05
  1186.9093  0.000339867489  2.504843E-05
  1194.0564  0.00033573361  2.44801249E-05
  1201.24634  0.00033165011  2.39246856E-05
  1208.47974  0.000327616173  2.33818446E-05
  1215.75671  0.000323631393  2.28512527E-05
  1223.07727  0.000319695275  2.23326479E-05
  1230.44214  0.000315806858  2.18257828E-05
  1237.85132  0.000311966724  2.1328713E-05
  1245.30505  0.000308173447  2.08426627E-05
  1252.80371  0.00030442627  2.03673153E-05
  1260.34753  0.000300724496  1.99010792E-05
  1267.93677  0.000297067687  1.94455351E-05
  1275.57153  0.000293454097  1.89990806E-05
  1283.25244  0.000289883086  1.85615772E-05
  1290.97961  0.000286355498  1.81341493E-05
  1298.7533  0.000282869412  1.77166912E-05
  1306.57373  0.000279425498  1.73088574E-05
  1314.44128  0.000276023347  1.69104205E-05
  1322.35632  0.000272662088  1.6521135E-05
  1330.31897  0.000269341719  1.61408116E-05
  1338.32947  0.000266061572  1.57692011E-05
  1346.38818  0.000262821122  1.54060999E-05
  1354.49548  0.000259620108  1.50513461E-05
  1362.65173  0.000256457774  1.47048213E-05
  1370.85693  0.000253333914  1.43662901E-05
  1379.11157  0.000250248093  1.40355514E-05
  1387.41589  0.000247199729  1.3712438E-05
  1395.77026  0.000244188443  1.33967496E-05
  1404.17493  0.000241213987  1.30883245E-05
  1412.63025  0.000238275883  1.2786978E-05
  1421.13647  0.000235373533  1.249257E-05
  1429.69385  0.000232506674  1.22049296E-05
  1438.30273  0.000229674726  1.19238966E-05
  1446.9635  0.000226877324  1.16493302E-05
  1455.67651  0.000224114454  1.13809947E-05
  1464.44189  0.000221385228  1.11188401E-05
  1473.26001  0.000218689354  1.08625873E-05
  1482.13135  0.000216026368  1.06120679E-05
  1491.05603  0.000213395848  1.03673374E-05
  1500.03442  0.000210797749  1.01275291E-05
  1509.06702  0.000208231344  9.89306318E-06
  1518.15393  0.000205696138  9.66401421E-06
  1527.29541  0.000203191375  9.44015937E-06
  1536.49207  0.000200717099  9.22148229E-06
  1545.74414  0.000198273003  9.00786563E-06
  1555.05188  0.000195858825  8.79918935E-06
  1564.41565  0.000193474014  8.59534612E-06
  1573.83582  0.000191118437  8.39621953E-06
  1583.31274  0.000188791528  8.20169771E-06
  1592.8468  0.000186492965  8.01168972E-06
  1602.43811  0.000184222605  7.8260864E-06
  1612.08728  0.000181979864  7.64478136E-06
  1621.79443  0.000179764611  7.46767364E-06
  1631.56018  0.000177576541  7.29465455E-06
  1641.38464  0.000175415087  7.12565088E-06
  1651.26819  0.000173280205  6.96057759E-06
  1661.21155  0.000171171312  6.799331E-06
  1671.21448  0.000169088176  6.64182244E-06
  1681.27771  0.000167030928  6.48795958E-06
  1691.40161  0.000164998695  6.33766695E-06
  1701.58643  0.000162991404  6.19086995E-06
  1711.83264  0.000161008909  6.04749403E-06
  1722.14038  0.000159050513  5.90744139E-06
  1732.51038  0.000157116374  5.77013088E-06
  1742.94275  0.00015520594  5.63583535E-06
  1753.43787  0.000153318746  5.50465484E-06
  1763.99622  0.000151454398  5.37632059E-06
  1774.61829  0.000149612664  5.25097812E-06
  1785.3042  0.000147793471  5.12849647E-06
  1796.05432  0.000145996557  5.00878468E-06
  1806.86938  0.000144221471  4.89186777E-06
  1817.74951  0.000142468067  4.77768117E-06
  1828.69519  0.000140736025  4.66616075E-06
  1839.70667  0.000139025055  4.55724012E-06
  1850.78455  0.000137335199  4.45088244E-06
  1861.92908  0.00013566589  4.34700632E-06
  1873.14075  0.000134016998  4.24555583E-06
  1884.41992  0.000132388377  4.14647457E-06
  1895.76697  0.000130779576  4.04970569E-06
  1907.1825  0.000129190448  3.9551901E-06
  1918.66663  0.000127620719  3.86288366E-06
  1930.21985  0.000126070081  3.77273295E-06
  1941.84277  0.000124538637  3.68468955E-06
  1953.53552  0.000123025777  3.59870091E-06
  1965.29895  0.000121531404  3.51471158E-06
  1977.13306  0.00012005544  3.43268039E-06
  1989.03833  0.000118597389  3.35256391E-06
  2001.01538  0.000117157317  3.27459998E-06
  2013.06458  0.000115734882  3.19858282E-06
  2025.18628  0.000114329705  3.12432803E-06
  2037.38098  0.000112942333  3.05116737E-06
  2049.64917  0.000111571782  2.97971928E-06
  2061.99121  0.000110217872  2.90993421E-06
  2074.40747  0.000108880391  2.84176258E-06
  2086.89868  0.000107559128  2.77518529E-06
  2099.46484  0.000106254127  2.71014392E-06
  2112.10693  0.000104965024  2.64661298E-06
  2124.82495  0.000103691593  2.58457203E-06
  2137.61963  0.000102433842  2.52394216E-06
  2150.49146  0.000101191334  2.46473155E-06
  2163.44067  9.9963996E-05  2.40690383E-06
  2176.46777  9.8751756E-05  2.35041375E-06
  2189.57349  9.75542134E-05  2.29524994E-06
  2202.75806  9.6371361E-05  2.24135078E-06
  2216.02222  9.52029441E-05  2.188699E-06
  2229.36597  9.40487153E-05  2.13728686E-06
  2242.79028  9.29087255E-05  2.08706319E-06
  2256.29517  9.17825892E-05  2.03802006E-06
  2269.88159  9.06701316E-05  1.99011879E-06
  2283.5498  8.95712728E-05  1.94331665E-06
  2297.30005  8.84857363E-05  1.89761727E-06
  2311.1333  8.74135731E-05  1.85298074E-06
  2325.0498  8.63545501E-05  1.80938684E-06
  2339.05029  8.53083329E-05  1.76681874E-06
  2353.13501  8.42749432E-05  1.72519935E-06
  2367.30444  8.32540754E-05  1.68455608E-06
  2381.55933  8.22456641E-05  1.64487199E-06
  2395.89966  8.12496874E-05  1.6061216E-06
  2410.3269  8.02657378E-05  1.56828423E-06
  2424.84058  7.92938517E-05  1.53132498E-06
  2439.44189  7.83337891E-05  1.49522612E-06
  2454.1311  7.73853462E-05  1.45997979E-06
  2468.90869  7.64486031E-05  1.42552949E-06
  2483.77539  7.55232177E-05  1.39188921E-06
  2498.73145  7.46090955E-05  1.3590419E-06
  2513.77783  7.37061855E-05  1.32696414E-06
  2528.91455  7.28142186E-05  1.29564557E-06
  2544.14258  7.19331292E-05  1.26505415E-06
  2559.46216  7.10627792E-05  1.23517782E-06
  2574.87402  7.02029574E-05  1.20600703E-06
  2590.37842  6.93537877E-05  1.17749164E-06
  2605.97656  6.85148989E-05  1.14964553E-06
  2621.66846  6.76861891E-05  1.12246221E-06
  2637.45508  6.68676221E-05  1.09592963E-06
  2653.33643  6.60589576E-05  1.07002427E-06
  2669.31372  6.52601811E-05  1.04470473E-06
  2685.38696  6.44711545E-05  1.01996568E-06
  2701.55713  6.36916666E-05  9.95812911E-07
  2717.82471  6.29217247E-05  9.72226644E-07
  2734.19019  6.2161118E-05  9.49198522E-07
  2750.6543  6.14097444E-05  9.2671246E-07
  2767.21704  6.06676113E-05  9.04751175E-07
  2783.88013  5.99344094E-05  8.83308246E-07
  2800.64355  5.92101605E-05  8.62376169E-07
  2817.50757  5.84947375E-05  8.41941642E-07
  2834.47314  5.77879582E-05  8.21991875E-07
  2851.54102  5.70898628E-05  8.02468719E-07
  2868.71167  5.64002257E-05  7.83404289E-07
  2885.9856  5.57189451E-05  7.64796596E-07
  2903.36377  5.50459954E-05  7.46643991E-07
  2920.84644  5.43811802E-05  7.28922828E-07
  2938.43433  5.37244705E-05  7.11609914E-07
  2956.12842  5.30757679E-05  6.94696666E-07
  2973.92871  5.24349016E-05  6.78186439E-07
  2991.83643  5.18019006E-05  6.62060245E-07
  3009.85181  5.1176572E-05  6.46317062E-07
  3027.97559  5.05588141E-05  6.30945294E-07
  3046.20874  4.99485723E-05  6.15927888E-07
  3064.55151  4.93457119E-05  6.01268141E-07
  3083.00464  4.87501966E-05  5.8695241E-07
  3101.56909  4.81619354E-05  5.72972908E-07
  3120.24536  4.75807719E-05  5.59326622E-07
  3139.03394  4.70067207E-05  5.45996784E-07
  3157.93579  4.64396071E-05  5.32983051E-07
  3176.95142  4.58793547E-05  5.2027741E-07
  3196.0813  4.53259636E-05  5.07868435E-07
  3215.3269  4.47792299E-05  4.95755387E-07
  3234.68799  4.42391538E-05  4.83926271E-07
  3254.16553  4.37056551E-05  4.72374325E-07
  3273.76074  4.31785702E-05  4.61098267E-07
  3293.47388  4.26579354E-05  4.500844E-07
  3313.30566  4.21435943E-05  4.39332382E-07
  3333.25684  4.16354778E-05  4.28836501E-07
  3353.32788  4.11335714E-05  4.18585643E-07
  3373.52002  4.06377112E-05  4.08580064E-07
  3393.83398  4.01478646E-05  3.98808425E-07
  3414.27002  3.9663988E-05  3.8926666E-07
  3434.82935  3.91859321E-05  3.79953292E-07
  3455.51196  3.87137261E-05  3.70856952E-07
  3476.31958  3.82472172E-05  3.61976959E-07
  3497.2522  3.77863507E-05  3.53308934E-07
  3518.31104  3.73311123E-05  3.44841624E-07
  3539.49658  3.68813562E-05  3.365775E-07
  3560.80981  3.64370608E-05  3.28508179E-07
  3582.25122  3.59981677E-05  3.20628459E-07
  3603.82202  3.55645534E-05  3.12937431E-07
  3625.52271  3.51362178E-05  3.05426823E-07
  3647.35376  3.47130554E-05  2.98095472E-07
  3669.31641  3.42950007E-05  2.90939681E-07
  3691.41138  3.38820464E-05  2.83950413E-07
  3713.63916  3.34740726E-05  2.77129345E-07
  3736.00098  3.30710354E-05  2.7046957E-07
  3758.49756  3.26728805E-05  2.63966513E-07
  3781.12939  3.22795204E-05  2.57620115E-07
  3803.89771  3.18909588E-05  2.51420403E-07
  3826.80273  3.15070938E-05  2.45368312E-07
  3849.84595  3.11278527E-05  2.39461258E-07
  3873.02808  3.07532428E-05  2.33693783E-07
  3896.34937  3.03831475E-05  2.28065474E-07
  3919.81152  3.00175143E-05  2.2257052E-07
  3943.41479  2.96563048E-05  2.17204985E-07
  3967.16016  2.92994428E-05  2.11969081E-07
  3991.04858  2.89469244E-05  2.06876493E-07
  4015.08081  2.85986662E-05  2.01911632E-07
  4039.25757  2.8254608E-05  1.97063557E-07
  4063.58008  2.79147462E-05  1.92305109E-07
  4088.04883  2.75789807E-05  1.87661797E-07
  4112.66504  2.72472662E-05  1.83128535E-07
  4137.42969  2.69195716E-05  1.78702592E-07
  4162.34326  2.65958206E-05  1.74383857E-07
  4187.40771  2.62759859E-05  1.7016886E-07
  4212.62158  2.59600329E-05  1.66055855E-07
  4237.98828  2.56478652E-05  1.62042127E-07
  4263.50732  2.5339501E-05  1.58121665E-07
  4289.18018  2.50348421E-05  1.54296274E-07
  4315.00781  2.47338612E-05  1.50562968E-07
  4340.99072  2.44365328E-05  1.46919035E-07
  4367.12988  2.41427788E-05  1.43363806E-07
  4393.42676  2.38525827E-05  1.39893416E-07
  4419.88184  2.35658881E-05  1.36506685E-07
  4446.49658  2.32826387E-05  1.33202064E-07
  4473.27148  2.30028363E-05  1.29974808E-07
  4500.20703  2.27264009E-05  1.26825981E-07
  4527.30518  2.24532978E-05  1.2375277E-07
  4554.56641  2.21835035E-05  1.20752858E-07
  4581.99219  2.19169488E-05  1.17825834E-07
  4609.58252  2.165363E-05  1.14968046E-07
  4637.33936  2.13934818E-05  1.12178761E-07
  4665.26318  2.11364641E-05  1.09457559E-07
  4693.35498  2.08825713E-05  1.06801537E-07
  4721.61621  2.06317254E-05  1.0421018E-07
  4750.04785  2.03839008E-05  1.01681259E-07
  4778.65039  2.01390703E-05  9.92127696E-08
  4807.4248  1.98971829E-05  9.68044631E-08
  4836.37305  1.96582314E-05  9.44536893E-08
  4865.49512  1.94221666E-05  9.21597376E-08
  4894.79297  1.91889339E-05  8.99216843E-08
  4924.26709  1.8958528E-05  8.77364741E-08
  4953.91895  1.87308851E-05  8.56047251E-08
  4983.74902  1.85059853E-05  8.35245473E-08
  5013.75879  1.82838012E-05  8.14939796E-08
  5043.94922  1.80642837E-05  7.95127875E-08
  5074.32178  1.78474202E-05  7.75788038E-08
  5104.87695  1.7633176E-05  7.56915313E-08
  5135.61572  1.74215038E-05  7.38503587E-08
  5166.54004  1.72124037E-05  7.2053659E-08
  5197.65039  1.70058138E-05  7.03008638E-08
  5228.94873  1.68017086E-05  6.85901114E-08
  5260.43457  1.66000809E-05  6.69200091E-08
  5292.11035  1.64008688E-05  6.5290763E-08
  5323.97705  1.62040542E-05  6.37004618E-08
  5356.03564  1.60096042E-05  6.21486294E-08
  5388.28711  1.5817488E-05  6.06347967E-08
  5420.73291  1.56277056E-05  5.91566334E-08
  5453.37402  1.54402005E-05  5.77146579E-08
  5486.21191  1.52549528E-05  5.63077727E-08
  5519.24707  1.50719507E-05  5.493483E-08
  5552.48096  1.48911431E-05  5.35955564E-08
  5585.91553  1.47125138E-05  5.22890744E-08
  5619.55176  1.45360318E-05  5.10147906E-08
  5653.39014  1.43616699E-05  4.97717529E-08
  5687.43164  1.41894188E-05  4.85574887E-08
  5721.67871  1.40192324E-05  4.73729571E-08
  5756.13232  1.38510886E-05  4.62171741E-08
  5790.79297  1.36849767E-05  4.50889495E-08
  5825.66211  1.35208584E-05  4.3988468E-08
  5860.7417  1.335872E-05  4.29143512E-08
  5896.03223  1.31985362E-05  4.18662367E-08
  5931.53516  1.30402741E-05  4.08439149E-08
  5967.25244  1.28839156E-05  3.98465545E-08
  6003.18408  1.27294352E-05  3.88737895E-08
  6039.33301  1.25768092E-05  3.79245222E-08
  6075.69873  1.24260341E-05  3.6998312E-08
  6112.28369  1.22770643E-05  3.60948995E-08
  6149.08887  1.21298899E-05  3.52128957E-08
  6186.11572  1.19844872E-05  3.43520519E-08
  6223.36572  1.18408261E-05  3.35124284E-08
  6260.83984  1.16989004E-05  3.26931051E-08
  6298.53955  1.15586772E-05  3.18939435E-08
  6336.4668  1.14201357E-05  3.11142649E-08
  6374.62207  1.12832668E-05  3.03534584E-08
  6413.00684  1.11480404E-05  2.9611428E-08
  6451.62305  1.10144365E-05  2.88873689E-08
  6490.47119  1.08824388E-05  2.81809278E-08
  6529.55371  1.07520227E-05  2.74919181E-08
  6568.87207  1.06231837E-05  2.68194693E-08
  6608.42676  1.04958926E-05  2.61635833E-08
  6648.21973  1.03701295E-05  2.55237858E-08
  6688.25195  1.02458844E-05  2.48993857E-08
  6728.52539  1.01231262E-05  2.42903742E-08
  6769.0415  1.00018424E-05  2.36962361E-08
  6809.80127  9.88201555E-06  2.31166197E-08
  6850.80664  9.76362389E-06  2.25513475E-08
  6892.05908  9.64666106E-06  2.19996306E-08
  6933.56006  9.53109975E-06  2.14615188E-08
  6975.31055  9.41692633E-06  2.09366107E-08
  7017.3125  9.30412989E-06  2.04242667E-08
  7059.56738  9.19268314E-06  1.99246166E-08
  7102.07715  9.08257425E-06  1.94371825E-08
  7144.84229  8.97378959E-06  1.89616642E-08
  7187.86523  8.86630551E-06  1.84979747E-08
  7231.14697  8.76011927E-06  1.80454354E-08
  7274.68945  8.65520542E-06  1.76040729E-08
  7318.49414  8.55155031E-06  1.71736207E-08
  7362.5625  8.44914575E-06  1.67536705E-08
  7406.89648  8.34796629E-06  1.63441474E-08
  7451.49756  8.2480019E-06  1.59445381E-08
  7496.36719  8.14923624E-06  1.5554626E-08
  7541.50635  8.05165473E-06  1.51744217E-08
  7586.91797  7.95524829E-06  1.48034385E-08
  7632.60254  7.85999873E-06  1.44416283E-08
  7678.5625  7.76589059E-06  1.40887977E-08
  7724.79932  7.67291658E-06  1.37445273E-08
  7771.31445  7.58105762E-06  1.34088305E-08
  7818.10938  7.49029959E-06  1.30813058E-08
  7865.18652  7.40063024E-06  1.27617676E-08
  7912.54688  7.312035E-06  1.24501938E-08
  7960.19287  7.22450295E-06  1.21461596E-08
  8008.12549  7.1380191E-06  1.18496182E-08
  8056.3457  7.0525748E-06  1.15602958E-08
  8104.85742  6.96815869E-06  1.12780025E-08
  8153.66162  6.88475211E-06  1.10027214E-08
  8202.75879  6.80234689E-06  1.07342126E-08
  8252.15234  6.72092983E-06  1.04722915E-08
  8301.84277  6.6404873E-06  1.02169002E-08
  8351.83203  6.56101565E-06  9.96767113E-09
  8402.12305  6.48249443E-06  9.72461489E-09
  8452.7168  6.40491362E-06  9.48760182E-09
  8503.61523  6.32826141E-06  9.25636812E-09
  8554.82031  6.25252596E-06  9.03090669E-09
  8606.33301  6.17770365E-06  8.81100348E-09
  8658.15625  6.10378265E-06  8.59648797E-09
  8710.29199  6.03074432E-06  8.38735037E-09
  8762.74121  5.95858137E-06  8.18325319E-09
  8815.50586  5.88728244E-06  7.98421063E-09
  8868.58887  5.81683662E-06  7.79012943E-09
  8921.99121  5.74724027E-06  7.60074226E-09
  8975.71582  5.6784761E-06  7.41609529E-09
  9029.76367  5.61053639E-06  7.23601756E-09
  9084.13574  5.54341295E-06  7.06038428E-09
  9138.83594  5.47709124E-06  6.88914792E-09
  9193.86621  5.41156533E-06  6.72205269E-09
  9249.22754  5.34682431E-06  6.55912125E-09
  9304.92188  5.28285864E-06  6.40026521E-09
  9360.95117  5.21966103E-06  6.2453025E-09
  9417.31836  5.15721968E-06  6.09422734E-09
  9474.02539  5.09552547E-06  5.94687322E-09
  9531.07324  5.03457204E-06  5.80313442E-09
  9588.46484  4.97434803E-06  5.66300296E-09
  9646.20215  4.91484798E-06  5.52623369E-09
  9704.28711  4.85606188E-06  5.39285194E-09
  9762.72168  4.79797836E-06  5.26281774E-09
  9821.50879  4.74058925E-06  5.13598897E-09
  9880.64844  4.68388816E-06  5.01235897E-09
  9940.14551  4.62786647E-06  4.89177587E-09
  10000.  4.57251872E-06  4.77415174E-09