 Ni Density=8.902
 Energy(eV), Delta, Beta
  500.  0.00470662117  0.00111727545
  503.010742  0.00464919116  0.00109492382
  506.039673  0.00459218351  0.00107221003
  509.086792  0.00453587575  0.0010499676
  512.152283  0.00447900174  0.00102818443
  515.236206  0.0044226069  0.001006854
  518.338745  0.00436678389  0.000985965715
  521.459961  0.00431100838  0.000965510844
  524.599915  0.00425594393  0.000945480657
  527.758789  0.004201259  0.000925865606
  530.936707  0.00414695404  0.000906658708
  534.133728  0.00409334758  0.000887850241
  537.350037  0.00403993158  0.000869430485
  540.585693  0.00398710277  0.000851392571
  543.840881  0.00393486861  0.000833728467
  547.115601  0.00388282142  0.000816432526
  550.410095  0.00383145455  0.000799495319
  553.724426  0.00378049281  0.000782909221
  557.058716  0.00372991338  0.000766667014
  560.413025  0.00368000311  0.000750761887
  563.787598  0.00363028492  0.000735186215
  567.182434  0.003581119  0.000719934294
  570.597717  0.00353253097  0.000704998791
  574.03363  0.00348408404  0.000690373068
  577.490173  0.00343629159  0.000676051015
  580.967529  0.00338885933  0.000662025413
  584.465881  0.00334174349  0.000648291141
  587.985229  0.00329526979  0.000634841912
  591.525818  0.00324888155  0.000621671497
  595.087708  0.00320298644  0.00060877431
  598.671021  0.0031576117  0.000596144353
  602.27594  0.00311201997  0.000583776564
  605.902527  0.00306706713  0.000571665412
  609.551025  0.00302251871  0.000560188317
  613.221497  0.00297831767  0.000549412973
  616.914001  0.00293474155  0.000538844615
  620.628784  0.00289149815  0.000528648205
  624.365845  0.002848787  0.000518694054
  628.125549  0.00280665234  0.0005089271
  631.907837  0.0027648462  0.000499344082
  635.712891  0.00272363727  0.000489941158
  639.540771  0.00268278481  0.000480715942
  643.391846  0.00264220475  0.000471664418
  647.266052  0.00260221143  0.000462783413
  651.163574  0.00256231148  0.000454069406
  655.084534  0.00252283621  0.000445519487
  659.029175  0.00248387828  0.000437130249
  662.997559  0.00244483119  0.00042889925
  666.989807  0.00240636244  0.000420823228
  671.006104  0.00236813258  0.000412899302
  675.04657  0.00232999795  0.00040512468
  679.111389  0.00229243515  0.000397496129
  683.200684  0.00225479668  0.000390011381
  687.314575  0.00221750187  0.000382667582
  691.453308  0.00218071672  0.000375461968
  695.616821  0.00214362191  0.000368392037
  699.805542  0.00210710033  0.000361454819
  704.019409  0.00207085581  0.000354648801
  708.258728  0.00203472679  0.000347971276
  712.523499  0.0019991654  0.000341419567
  716.813965  0.00196340913  0.000334018987
  721.13031  0.00192792714  0.00032640461
  725.472656  0.00189287437  0.000318875071
  729.841064  0.00185546977  0.000309676834
  734.23584  0.00181868812  0.000300743908
  738.657043  0.00178076606  0.000292068464
  743.104858  0.00174056727  0.000283643021
  747.579529  0.00170107279  0.000275460276
  752.081116  0.0016608329  0.000269922253
  756.609802  0.00162070023  0.000265514303
  761.16571  0.00158120389  0.000261156325
  765.749084  0.00153939635  0.000256093597
  770.360107  0.0014983596  0.000251128833
  774.99884  0.00145645638  0.000246337266
  779.665527  0.00141241029  0.000241774134
  784.360291  0.00136920821  0.000237295579
  789.083374  0.00132252974  0.000233016675
  793.834778  0.00127479283  0.000228868739
  798.614929  0.0012279076  0.000224794552
  803.423828  0.00117214792  0.000220811678
  808.261658  0.00111754448  0.000216899425
  813.128601  0.00105808687  0.000213056555
  818.024902  0.000988228014  0.000209281876
  822.950684  0.000919890415  0.000205574164
  827.906067  0.000825671246  0.000201932591
  832.891357  0.000719900127  0.000198355687
  837.906616  0.000616536243  0.00019484217
  842.952087  0.00022552193  0.000191390689
  848.027954 -0.000158649156  0.000188000369
  853.134399 -0.00137873646  0.00148392189
  858.271545 -0.000533127051  0.00145408837
  863.439697  0.000292493874  0.00142485439
  868.638855  0.000652007351  0.00139620691
  873.869446  0.000761655276  0.00136813277
  879.131409  0.000868583971  0.00134062453
  884.425171  0.000925826025  0.00131366972
  889.750793  0.000980335055  0.00128725683
  895.108398  0.00102760713  0.00126137491
  900.498352  0.00106030866  0.00123601162
  905.920654  0.00109207991  0.00121115916
  911.375732  0.00111625739  0.00118680694
  916.863647  0.00113580015  0.00116294471
  922.384521  0.00115471764  0.00113956269
  927.938721  0.0011666636  0.00111705624
  933.526306  0.00117786892  0.00109501346
  939.147522  0.00118715607  0.00107332354
  944.802612  0.00119234517  0.00105185923
  950.491821  0.00119724101  0.0010308238
  956.215271  0.00119805371  0.00101006462
  961.973145  0.00119628455  0.000989634544
  967.765625  0.00119438686  0.000969618035
  973.59314  0.00118778681  0.000954258256
  979.455566  0.00118087744  0.000939417456
  985.353394  0.00117236655  0.000927439891
  991.286743  0.00115952757  0.000922840612
  997.255798  0.00114682806  0.000918263802
  1003.26086  0.00114844192  0.000919975631
  1009.302  0.00115946378  0.000926023
  1015.37958  0.00117006048  0.00093211123
  1021.49365  0.00118350098  0.000915601908
  1027.64465  0.00119672937  0.000897507882
  1033.83264  0.00120637019  0.000879693602
  1040.05786  0.00120634702  0.0008620015
  1046.32056  0.00120615249  0.000844664988
  1052.62097  0.00120489846  0.000827606884
  1058.95947  0.00120285037  0.000810842786
  1065.33594  0.00120068004  0.000794418738
  1071.75098  0.0011970764  0.00077832141
  1078.20447  0.00119324797  0.000762549869
  1084.69702  0.00118908205  0.00074709719
  1091.22852  0.00118398969  0.000731957785
  1097.79932  0.00117884972  0.000717125309
  1104.40979  0.00117318216  0.00070259138
  1111.06006  0.00116710411  0.000688350527
  1117.75024  0.00116100442  0.000674398558
  1124.48083  0.00115426641  0.000660730235
  1131.25195  0.00114744436  0.000647339621
  1138.06384  0.00114049658  0.000634220836
  1144.91663  0.00113309803  0.000621369923
  1151.81091  0.00112571381  0.000608778733
  1158.74646  0.0011180843  0.000596442609
  1165.72388  0.00111025723  0.000584356138
  1172.74341  0.00110245764  0.000572514313
  1179.80505  0.0010943329  0.00056091242
  1186.9093  0.00108619139  0.000549545512
  1194.0564  0.00107802043  0.000538408523
  1201.24634  0.00106961175  0.000527497614
  1208.47974  0.00106125011  0.000516807719
  1215.75671  0.00105278345  0.000506334007
  1223.07727  0.00104423077  0.000496072345
  1230.44214  0.0010357321  0.000486018223
  1237.85132  0.00102707383  0.000476141227
  1245.30505  0.00101843744  0.000466460187
  1252.80371  0.00100981793  0.000456969923
  1260.34753  0.00100106164  0.000447644939
  1267.93677  0.000992370187  0.000438510528
  1275.57153  0.000983624952  0.000429541804
  1283.25244  0.000974831113  0.000420736207
  1290.97961  0.000966106949  0.0004121112
  1298.7533  0.000957274984  0.000403662678
  1306.57373  0.000948480912  0.000395386975
  1314.44128  0.000939731661  0.000387280976
  1322.35632  0.000930907321  0.000379340869
  1330.31897  0.000922159757  0.00037156351
  1338.32947  0.000913412659  0.000363945204
  1346.38818  0.000904663815  0.000356482604
  1354.49548  0.000895993668  0.000349172828
  1362.65173  0.000887290749  0.000342013955
  1370.85693  0.000878643128  0.000335002231
  1379.11157  0.000870058488  0.000328134221
  1387.41589  0.000861451263  0.000321407133
  1395.77026  0.000852925645  0.000314817706
  1404.17493  0.000844432449  0.000308363436
  1412.63025  0.000835966668  0.000302041241
  1421.13647  0.000827582669  0.000295848789
  1429.69385  0.000819210487  0.000289783173
  1438.30273  0.00081090274  0.0002838418
  1446.9635  0.00080266915  0.00027802051
  1455.67651  0.000794465421  0.000272306235
  1464.44189  0.00078634324  0.000266709423
  1473.26001  0.000778270245  0.000261217239
  1482.13135  0.0007702398  0.000255825638
  1491.05603  0.000762290205  0.000250545447
  1500.03442  0.000754362671  0.000245307281
  1509.06702  0.000746499223  0.000240159905
  1518.15393  0.000738703355  0.000235119456
  1527.29541  0.000730880769  0.000230175123
  1536.49207  0.000723139674  0.000225334516
  1545.74414  0.000715442351  0.000220596383
  1555.05188  0.000707778323  0.000215958455
  1564.41565  0.000700195262  0.000211417966
  1573.83582  0.000692641886  0.000206972341
  1583.31274  0.000685153296  0.000202619747
  1592.8468  0.000677739328  0.000198358815
  1602.43811  0.000670349691  0.000194187101
  1612.08728  0.000663039682  0.000190103121
  1621.79443  0.000655787415  0.00018610472
  1631.56018  0.000648583693  0.000182189877
  1641.38464  0.000641458551  0.00017835747
  1651.26819  0.000634377066  0.000174606248
  1661.21155  0.000627361296  0.000170934043
  1671.21448  0.000620420149  0.000167339153
  1681.27771  0.000613518816  0.000163820281
  1691.40161  0.000606693793  0.000160375508
  1701.58643  0.000599933905  0.000157003553
  1711.83264  0.000593233446  0.000153703033
  1722.14038  0.000586607493  0.000150471926
  1732.51038  0.000580034219  0.000147289436
  1742.94275  0.000573526311  0.000144167236
  1753.43787  0.000567089068  0.00014111081
  1763.99622  0.000560685003  0.000138111543
  1774.61829  0.000554352999  0.000135175986
  1785.3042  0.000548076292  0.000132300629
  1796.05432  0.000541844696  0.000129483175
  1806.86938  0.000535683648  0.000126725688
  1817.74951  0.000529570912  0.000124026905
  1828.69519  0.000523518829  0.000121385609
  1839.70667  0.000517534907  0.000118800475
  1850.78455  0.000511593302  0.000116270567
  1861.92908  0.0005057198  0.000113794515
  1873.14075  0.000499904621  0.00011137106
  1884.41992  0.00049414055  0.000108999018
  1895.76697  0.000488442893  0.000106677508
  1907.1825  0.000482796924  0.000104405925
  1918.66663  0.000477210036  0.000102183054
  1930.21985  0.000471687439  0.000100007521
  1941.84277  0.000466208323  9.787827E-05
  1953.53552  0.000460792857  9.57943703E-05
  1965.29895  0.000455434754  9.3754461E-05
  1977.13306  0.000450128631  9.17575526E-05
  1989.03833  0.000444884383  8.98031576E-05
  2001.01538  0.000439693977  8.78989667E-05
  2013.06458  0.00043456073  8.60392392E-05
  2025.18628  0.000429487322  8.42188092E-05
  2037.38098  0.000424464641  8.24175513E-05
  2049.64917  0.000419500662  8.06548051E-05
  2061.99121  0.000414590177  7.89291953E-05
  2074.40747  0.000409727974  7.7239376E-05
  2086.89868  0.000404922728  7.55856745E-05
  2099.46484  0.000400162389  7.39664611E-05
  2112.10693  0.000395451818  7.23813719E-05
  2124.82495  0.000390796806  7.08302759E-05
  2137.61963  0.000386185915  6.93117472E-05
  2150.49146  0.000381629157  6.78256984E-05
  2163.44067  0.000377122662  6.63709143E-05
  2176.46777  0.000372661452  6.49458452E-05
  2189.57349  0.000368252979  6.35513788E-05
  2202.75806  0.0003638911  6.21871004E-05
  2216.02222  0.000359577738  6.08521877E-05
  2229.36597  0.00035531554  5.95459824E-05
  2242.79028  0.000351095659  5.8266116E-05
  2256.29517  0.000346925692  5.70137017E-05
  2269.88159  0.000342802668  5.57878411E-05
  2283.5498  0.000338722515  5.458745E-05
  2297.30005  0.000334691053  5.34129358E-05
  2311.1333  0.000330702867  5.22637274E-05
  2325.0498  0.000326759386  5.11392718E-05
  2339.05029  0.000322862848  5.00390088E-05
  2353.13501  0.000319006387  4.89615013E-05
  2367.30444  0.000315195648  4.79071095E-05
  2381.55933  0.00031142903  4.68754261E-05
  2395.89966  0.000307703944  4.58659015E-05
  2410.3269  0.00030402327  4.48780993E-05
  2424.84058  0.000300383137  4.39107971E-05
  2439.44189  0.000296784128  4.29637985E-05
  2454.1311  0.000293228251  4.20372598E-05
  2468.90869  0.000289710355  4.11302681E-05
  2483.77539  0.000286234281  4.02428195E-05
  2498.73145  0.000282798952  3.93746086E-05
  2513.77783  0.000279402069  3.85253443E-05
  2528.91455  0.00027604599  3.76944263E-05
  2544.14258  0.000272727455  3.68805595E-05
  2559.46216  0.000269446871  3.6083653E-05
  2574.87402  0.000266205752  3.53039686E-05
  2590.37842  0.000263000169  3.45412554E-05
  2605.97656  0.000259832741  3.37949969E-05
  2621.66846  0.00025670277  3.30647526E-05
  2637.45508  0.00025360813  3.23498462E-05
  2653.33643  0.00025055086  3.16504011E-05
  2669.31372  0.000247528515  3.09659299E-05
  2685.38696  0.000244541239  3.02962071E-05
  2701.55713  0.000241589994  2.96409598E-05
  2717.82471  0.000238672073  2.89995587E-05
  2734.19019  0.00023578915  2.83720055E-05
  2750.6543  0.000232940467  2.77579438E-05
  2767.21704  0.000230124351  2.71569879E-05
  2783.88013  0.000227342171  2.65689869E-05
  2800.64355  0.00022459215  2.59935478E-05
  2817.50757  0.00022187423  2.54304232E-05
  2834.47314  0.000219189213  2.48794968E-05
  2851.54102  0.000216535103  2.43403501E-05
  2868.71167  0.000213912936  2.38128923E-05
  2885.9856  0.000211322113  2.32967977E-05
  2903.36377  0.000208761077  2.27916262E-05
  2920.84644  0.00020623111  2.2297414E-05
  2938.43433  0.000203730771  2.18138121E-05
  2956.12842  0.000201259827  2.13405947E-05
  2973.92871  0.000198818874  2.08776655E-05
  2991.83643  0.000196406356  2.04246498E-05
  3009.85181  0.00019402297  1.99814713E-05
  3027.97559  0.000191668223  1.95478606E-05
  3046.20874  0.000189340746  1.91234449E-05
  3064.55151  0.000187041558  1.87082496E-05
  3083.00464  0.000184769655  1.83019401E-05
  3101.56909  0.000182524716  1.790434E-05
  3120.24536  0.000180307034  1.75153782E-05
  3139.03394  0.000178115311  1.71347619E-05
  3157.93579  0.00017595003  1.67623984E-05
  3176.95142  0.00017381084  1.63980658E-05
  3196.0813  0.000171696738  1.60415129E-05
  3215.3269  0.000169608276  1.56927072E-05
  3234.68799  0.000167544684  1.53514666E-05
  3254.16553  0.000165505669  1.50176193E-05
  3273.76074  0.000163491393  1.46910315E-05
  3293.47388  0.000161501113  1.43714033E-05
  3313.30566  0.000159534946  1.40586999E-05
  3333.25684  0.000157592585  1.37527804E-05
  3353.32788  0.000155673173  1.34533911E-05
  3373.52002  0.000153777088  1.31605193E-05
  3393.83398  0.000151903674  1.28739075E-05
  3414.27002  0.0001500527  1.2593463E-05
  3434.82935  0.000148224222  1.23191239E-05
  3455.51196  0.000146417442  1.20507702E-05
  3476.31958  0.00014463249  1.17882582E-05
  3497.2522  0.000142869249  1.15314388E-05
  3518.31104  0.000141127151  1.12800271E-05
  3539.49658  0.0001394063  1.10340989E-05
  3560.80981  0.000137706083  1.07935211E-05
  3582.25122  0.000136026181  1.05581794E-05
  3603.82202  0.000134366754  1.03279499E-05
  3625.52271  0.000132727146  1.01026417E-05
  3647.35376  0.00013110743  9.88222018E-06
  3669.31641  0.000129507418  9.66659627E-06
  3691.41138  0.00012792644  9.45556894E-06
  3713.63916  0.000126364786  9.24915184E-06
  3736.00098  0.000124821949  9.04721765E-06
  3758.49756  0.000123297636  8.84966539E-06
  3781.12939  0.000121791949  8.65642869E-06
  3803.89771  0.00012030427  8.46735475E-06
  3826.80273  0.000118834643  8.28239536E-06
  3849.84595  0.000117382915  8.10145139E-06
  3873.02808  0.00011594862  7.92435821E-06
  3896.34937  0.000114531867  7.75113949E-06
  3919.81152  0.000113132206  7.58169335E-06
  3943.41479  0.000111749381  7.41593931E-06
  3967.16016  0.000110383444  7.25380778E-06
  3991.04858  0.00010903387  7.09511414E-06
  4015.08081  0.000107700667  6.93985749E-06
  4039.25757  0.000106383755  6.78799688E-06
  4063.58008  0.000105082501  6.63942728E-06
  4088.04883  0.000103797189  6.49411049E-06
  4112.66504  0.000102527389  6.35191145E-06
  4137.42969  0.000101272875  6.21276286E-06
  4162.34326  0.000100033707  6.07666243E-06
  4187.40771  9.88094544E-05  5.9435506E-06
  4212.62158  9.76001756E-05  5.81336417E-06
  4237.98828  9.64056162E-05  5.68601899E-06
  4263.50732  9.52253249E-05  5.5613632E-06
  4289.18018  9.40594691E-05  5.43943997E-06
  4315.00781  9.29077214E-05  5.32015019E-06
  4340.99072  9.17698562E-05  5.20340973E-06
  4367.12988  9.06459099E-05  5.08923949E-06
  4393.42676  8.95354606E-05  4.97757355E-06
  4419.88184  8.84384935E-05  4.86835825E-06
  4446.49658  8.73549434E-05  4.76153309E-06
  4473.27148  8.62843153E-05  4.65692347E-06
  4500.20703  8.52268204E-05  4.55461395E-06
  4527.30518  8.41820947E-05  4.45455362E-06
  4554.56641  8.3149891E-05  4.35669745E-06
  4581.99219  8.21303111E-05  4.2609895E-06
  4609.58252  8.11229402E-05  4.16731382E-06
  4637.33936  8.01277638E-05  4.07565994E-06
  4665.26318  7.91447892E-05  3.98602697E-06
  4693.35498  7.81734561E-05  3.89832303E-06
  4721.61621  7.72140193E-05  3.81254813E-06
  4750.04785  7.62662312E-05  3.72864224E-06
  4778.65039  7.53298809E-05  3.64654989E-06
  4807.4248  7.44050267E-05  3.56626629E-06
  4836.37305  7.34911591E-05  3.48773051E-06
  4865.49512  7.25883656E-05  3.41091777E-06
  4894.79297  7.16966242E-05  3.33579487E-06
  4924.26709  7.08153602E-05  3.26222789E-06
  4953.91895  6.99449156E-05  3.19028868E-06
  4983.74902  6.90849847E-05  3.11991425E-06
  5013.75879  6.82352256E-05  3.05104891E-06
  5043.94922  6.73959148E-05  2.98370378E-06
  5074.32178  6.65666084E-05  2.91785022E-06
  5104.87695  6.57473574E-05  2.85345345E-06
  5135.61572  6.49381836E-05  2.79047845E-06
  5166.54004  6.41384249E-05  2.72881698E-06
  5197.65039  6.33485033E-05  2.66851748E-06
  5228.94873  6.25680987E-05  2.60952606E-06
  5260.43457  6.17969126E-05  2.55180112E-06
  5292.11035  6.10352072E-05  2.4953531E-06
  5323.97705  6.02825166E-05  2.44013495E-06
  5356.03564  5.95388883E-05  2.38612824E-06
  5388.28711  5.88044277E-05  2.3333173E-06
  5420.73291  5.80783089E-05  2.28160479E-06
  5453.37402  5.73611287E-05  2.23103689E-06
  5486.21191  5.66525814E-05  2.18159744E-06
  5519.24707  5.59523032E-05  2.13327166E-06
  5552.48096  5.52606652E-05  2.08601659E-06
  5585.91553  5.45770854E-05  2.03972354E-06
  5619.55176  5.39016692E-05  1.99441342E-06
  5653.39014  5.32346057E-05  1.9501108E-06
  5687.43164  5.25750365E-05  1.90680066E-06
  5721.67871  5.192358E-05  1.86445277E-06
  5756.13232  5.12799161E-05  1.82303484E-06
  5790.79297  5.06435681E-05  1.78251128E-06
  5825.66211  5.00151218E-05  1.74288914E-06
  5860.7417  4.93939006E-05  1.70411226E-06
  5896.03223  4.87800462E-05  1.66617622E-06
  5931.53516  4.81738061E-05  1.62908532E-06
  5967.25244  4.75740962E-05  1.59276271E-06
  6003.18408  4.69817824E-05  1.55724933E-06
  6039.33301  4.6396508E-05  1.52252562E-06
  6075.69873  4.58176801E-05  1.48857214E-06
  6112.28369  4.52460517E-05  1.45537615E-06
  6149.08887  4.46808444E-05  1.42288104E-06
  6186.11572  4.4122211E-05  1.39108511E-06
  6223.36572  4.35705406E-05  1.36000006E-06
  6260.83984  4.30244327E-05  1.32958792E-06
  6298.53955  4.24850368E-05  1.29985438E-06
  6336.4668  4.19520184E-05  1.27077431E-06
  6374.62207  4.14245806E-05  1.24231883E-06
  6413.00684  4.09037675E-05  1.21450114E-06
  6451.62305  4.03885024E-05  1.18728121E-06
  6490.47119  3.98790107E-05  1.1606536E-06
  6529.55371  3.93759146E-05  1.13462352E-06
  6568.87207  3.88774206E-05  1.10914937E-06
  6608.42676  3.83850347E-05  1.0842449E-06
  6648.21973  3.78983787E-05  1.05989182E-06
  6688.25195  3.74162482E-05  1.03605976E-06
  6728.52539  3.69402223E-05  1.01276203E-06
  6769.0415  3.64688567E-05  9.89968726E-07
  6809.80127  3.60024023E-05  9.67672122E-07
  6850.80664  3.55418815E-05  9.45877957E-07
  6892.05908  3.50846931E-05  9.24550136E-07
  6933.56006  3.46330162E-05  9.03700425E-07
  6975.31055  3.41864361E-05  8.83312794E-07
  7017.3125  3.37430101E-05  8.63354444E-07
  7059.56738  3.33052958E-05  8.43847374E-07
  7102.07715  3.28710375E-05  8.24764584E-07
  7144.84229  3.24405482E-05  8.06098512E-07
  7187.86523  3.20156505E-05  7.87856436E-07
  7231.14697  3.15921461E-05  7.69998678E-07
  7274.68945  3.1173553E-05  7.52541723E-07
  7318.49414  3.07592818E-05  7.35475965E-07
  7362.5625  3.034562E-05  7.18777073E-07
  7406.89648  2.99374442E-05  7.02457612E-07
  7451.49756  2.95306818E-05  6.86489329E-07
  7496.36719  2.91256874E-05  6.708662E-07
  7541.50635  2.87261591E-05  6.55599194E-07
  7586.91797  2.8323253E-05  6.40657333E-07
  7632.60254  2.79242977E-05  6.26051417E-07
  7678.5625  2.75282709E-05  6.11774567E-07
  7724.79932  2.71256813E-05  5.97799499E-07
  7771.31445  2.67287851E-05  5.84144118E-07
  7818.10938  2.63262264E-05  5.70786597E-07
  7865.18652  2.5918398E-05  5.57721023E-07
  7912.54688  2.55165596E-05  5.44955014E-07
  7960.19287  2.50880985E-05  5.32454294E-07
  8008.12549  2.46595991E-05  5.2023529E-07
  8056.3457  2.42240403E-05  5.08292942E-07
  8104.85742  2.37221775E-05  4.96603889E-07
  8153.66162  2.32288057E-05  4.85183193E-07
  8202.75879  2.25015465E-05  4.7401852E-07
  8252.15234  2.15326236E-05  4.63102992E-07
  8301.84277  2.05836241E-05  4.52439252E-07
  8351.83203  1.62295364E-05  3.45501121E-06
  8402.12305  1.90426435E-05  3.38393602E-06
  8452.7168  2.14159281E-05  3.31432329E-06
  8503.61523  2.14540287E-05  3.24614143E-06
  8554.82031  2.14881693E-05  3.17936224E-06
  8606.33301  2.14609317E-05  3.11384429E-06
  8658.15625  2.13661715E-05  3.0495446E-06
  8710.29199  2.12705891E-05  2.98657687E-06
  8762.74121  2.11375936E-05  2.92473692E-06
  8815.50586  2.09953105E-05  2.86413365E-06
  8868.58887  2.08504498E-05  2.80476161E-06
  8921.99121  2.06847399E-05  2.74644958E-06
  8975.71582  2.05200122E-05  2.68934946E-06
  9029.76367  2.03495092E-05  2.63334869E-06
  9084.13574  2.0171934E-05  2.57840838E-06
  9138.83594  1.99956939E-05  2.52461405E-06
  9193.86621  1.9812911E-05  2.47178059E-06
  9249.22754  1.96293786E-05  2.42001192E-06
  9304.92188  1.94466429E-05  2.36931282E-06
  9360.95117  1.92589087E-05  2.31954709E-06
  9417.31836  1.90728842E-05  2.27082728E-06
  9474.02539  1.88861723E-05  2.2230729E-06
  9531.07324  1.86980869E-05  2.17624893E-06
  9588.46484  1.85118006E-05  2.13041153E-06
  9646.20215  1.83240354E-05  2.08542224E-06
  9704.28711  1.81370851E-05  2.04134631E-06
  9762.72168  1.79516919E-05  1.99819601E-06
  9821.50879  1.77650127E-05  1.95588541E-06
  9880.64844  1.75802361E-05  1.91447475E-06
  9940.14551  1.73961835E-05  1.87387843E-06
  10000.  1.72124055E-05  1.83405609E-06