 Si Density=2.33
 Energy(eV), Delta, Beta
  500.  0.00183965219  0.000458518363
  503.010742  0.00181809254  0.000448959356
  506.039673  0.00179672032  0.000439598982
  509.086792  0.00177559943  0.000430433836
  512.152283  0.00175469916  0.000421460019
  515.236206  0.00173401402  0.000412674301
  518.338745  0.00171357219  0.000404071616
  521.459961  0.0016933264  0.000395647541
  524.599915  0.00167330855  0.000387398934
  527.758789  0.00165352144  0.000379322097
  530.936707  0.00163392804  0.000371414266
  534.133728  0.00161456713  0.000363671337
  537.350037  0.00159541739  0.000356089731
  540.585693  0.00157647289  0.000348666101
  543.840881  0.00155775307  0.000341396953
  547.115601  0.00153923267  0.000334279553
  550.410095  0.0015209252  0.000327310467
  553.724426  0.00150283356  0.000320486753
  557.058716  0.00148493832  0.0003138053
  560.413025  0.00146725657  0.000307263195
  563.787598  0.00144978159  0.000300857209
  567.182434  0.00143251044  0.000294584985
  570.597717  0.00141544512  0.000288443523
  574.03363  0.00139861228  0.000282430119
  577.490173  0.00138198922  0.000276542181
  580.967529  0.00136556348  0.000270763616
  584.465881  0.00134932925  0.000264971313
  587.985229  0.00133328838  0.000259302935
  591.525818  0.00131739816  0.000253718521
  595.087708  0.00130164204  0.000248202879
  598.671021  0.00128607464  0.000242806957
  602.27594  0.00127061934  0.000237528424
  605.902527  0.00125532446  0.000232364604
  609.551025  0.00124020909  0.000227313009
  613.221497  0.00122521829  0.000222371265
  616.914001  0.0012104091  0.000217536872
  620.628784  0.00119576114  0.000212807703
  624.365845  0.00118126511  0.000208181533
  628.125549  0.00116694428  0.000203655844
  631.907837  0.00115276664  0.000199228365
  635.712891  0.00113874988  0.000194896886
  639.540771  0.00112490216  0.000190659819
  643.391846  0.00111119275  0.000186515113
  647.266052  0.00109765062  0.000182460572
  651.163574  0.00108426181  0.000178494083
  655.084534  0.00107101782  0.000174613728
  659.029175  0.0010579353  0.00017081757
  662.997559  0.00104498968  0.00016710395
  666.989807  0.00103219319  0.000163471006
  671.006104  0.00101955247  0.00015991705
  675.04657  0.00100704469  0.000156440801
  679.111389  0.000994689995  0.000153039975
  683.200684  0.000982454978  0.000149713116
  687.314575  0.000970314606  0.000146458449
  691.453308  0.000958323828  0.000143274461
  695.616821  0.000946465123  0.000140224423
  699.805542  0.000934745069  0.000137267722
  704.019409  0.000923171116  0.000134374233
  708.258728  0.000911795767  0.000131585039
  712.523499  0.000900560524  0.000128853775
  716.813965  0.000889473129  0.00012617906
  721.13031  0.000878539751  0.000123559599
  725.472656  0.000867740659  0.000120994569
  729.841064  0.000857079402  0.000118483083
  734.23584  0.000846551266  0.000116023795
  738.657043  0.000836152292  0.000113615577
  743.104858  0.00082589034  0.000111257155
  747.579529  0.000815754058  0.000108947606
  752.081116  0.000805745192  0.000106686057
  756.609802  0.000795865082  0.000104471415
  761.16571  0.000786106102  0.000102302765
  765.749084  0.000776472385  0.000100179088
  770.360107  0.000766959623  9.80994082E-05
  774.99884  0.000757563394  9.60629768E-05
  779.665527  0.000748296734  9.40689861E-05
  784.360291  0.000739143696  9.21163955E-05
  789.083374  0.000730116444  9.01953899E-05
  793.834778  0.000721230812  8.82950917E-05
  798.614929  0.00071245298  8.64346657E-05
  803.423828  0.000703755359  8.45693357E-05
  808.261658  0.000695148832  8.27195108E-05
  813.128601  0.000686647429  8.09101257E-05
  818.024902  0.000678218435  7.91404163E-05
  822.950684  0.000669891597  7.74094806E-05
  827.906067  0.000661662663  7.57163143E-05
  832.891357  0.00065352401  7.40599789E-05
  837.906616  0.000645485532  7.24398851E-05
  842.952087  0.000637537916  7.08552689E-05
  848.027954  0.000629683316  6.9305439E-05
  853.134399  0.000621925341  6.77895077E-05
  858.271545  0.000614257937  6.63067694E-05
  863.439697  0.000606684596  6.48564455E-05
  868.638855  0.000599203748  6.34378521E-05
  873.869446  0.000591812422  6.20501596E-05
  879.131409  0.000584512367  6.06929025E-05
  884.425171  0.000577309111  5.93652694E-05
  889.750793  0.000570198928  5.80666601E-05
  895.108398  0.000563176465  5.6796478E-05
  900.498352  0.000556252082  5.55081751E-05
  905.920654  0.000549413788  5.42456546E-05
  911.375732  0.000542647438  5.30047691E-05
  916.863647  0.000535930158  5.17720982E-05
  922.384521  0.000529295998  5.05681055E-05
  927.938721  0.00052272802  4.9392067E-05
  933.526306  0.000516230415  4.82434298E-05
  939.147522  0.000509813486  4.71215171E-05
  944.802612  0.000503457792  4.60256706E-05
  950.491821  0.000497179281  4.49552972E-05
  956.215271  0.000490975566  4.39097821E-05
  961.973145  0.000484838587  4.28886269E-05
  967.765625  0.000478778151  4.18912205E-05
  973.59314  0.000472786342  4.0916937E-05
  979.455566  0.000466864207  3.99652745E-05
  985.353394  0.000461015996  3.90357345E-05
  991.286743  0.000455230329  3.8127313E-05
  997.255798  0.000449515908  3.724001E-05
  1003.26086  0.000443870173  3.63731851E-05
  1009.302  0.000438285468  3.55259945E-05
  1015.37958  0.000432770699  3.46984925E-05
  1021.49365  0.000427319115  3.38901664E-05
  1027.64465  0.000421930803  3.31005431E-05
  1033.83264  0.000416610332  3.23293243E-05
  1040.05786  0.000411346526  3.15762627E-05
  1046.32056  0.000406147621  3.08407798E-05
  1052.62097  0.000401011057  3.01223481E-05
  1058.95947  0.000395927113  2.94205201E-05
  1065.33594  0.000390907546  2.87350504E-05
  1071.75098  0.000385942374  2.80656041E-05
  1078.20447  0.000381032412  2.7411812E-05
  1084.69702  0.0003761845  2.67732157E-05
  1091.22852  0.000371378701  2.61713612E-05
  1097.79932  0.000366630877  2.55866089E-05
  1104.40979  0.000361946091  2.50181511E-05
  1111.06006  0.000357332756  2.44763796E-05
  1117.75024  0.000352778065  2.39463425E-05
  1124.48083  0.00034828225  2.3427554E-05
  1131.25195  0.000343844615  2.2919834E-05
  1138.06384  0.000339463295  2.24231153E-05
  1144.91663  0.000335134973  2.19371032E-05
  1151.81091  0.000330860988  2.14615884E-05
  1158.74646  0.000326640613  2.09964128E-05
  1165.72388  0.000322469888  2.05413489E-05
  1172.74341  0.000318352133  2.00961458E-05
  1179.80505  0.000314284611  1.96605179E-05
  1186.9093  0.000310266478  1.92342468E-05
  1194.0564  0.000306299451  1.88172053E-05
  1201.24634  0.000302376342  1.8408733E-05
  1208.47974  0.000298501778  1.80090192E-05
  1215.75671  0.000294675265  1.76179292E-05
  1223.07727  0.000290890486  1.7235041E-05
  1230.44214  0.000287153904  1.68604529E-05
  1237.85132  0.000283460686  1.64940047E-05
  1245.30505  0.000279809901  1.61355038E-05
  1252.80371  0.000276205887  1.57847935E-05
  1260.34753  0.000272640231  1.54417485E-05
  1267.93677  0.000269118493  1.51061849E-05
  1275.57153  0.000265640731  1.47779101E-05
  1283.25244  0.000262198766  1.44567193E-05
  1290.97961  0.000258801156  1.41425098E-05
  1298.7533  0.000255441206  1.3834514E-05
  1306.57373  0.000252117577  1.35325017E-05
  1314.44128  0.000248836906  1.32370924E-05
  1322.35632  0.000245587697  1.29480677E-05
  1330.31897  0.00024237766  1.26653404E-05
  1338.32947  0.000239207686  1.23887703E-05
  1346.38818  0.000236066218  1.21181065E-05
  1354.49548  0.000232965613  1.18533453E-05
  1362.65173  0.000229898098  1.15944094E-05
  1370.85693  0.000226861521  1.13411725E-05
  1379.11157  0.00022386467  1.1093467E-05
  1387.41589  0.000220893009  1.08508093E-05
  1395.77026  0.000217956185  1.06133439E-05
  1404.17493  0.000215056047  1.03810517E-05
  1412.63025  0.000212176121  1.01535643E-05
  1421.13647  0.000209334292  9.93106096E-06
  1429.69385  0.000206520795  9.71333429E-06
  1438.30273  0.000203732037  9.50023605E-06
  1446.9635  0.000200980459  9.2918217E-06
  1455.67651  0.00019824678  9.0879721E-06
  1464.44189  0.000195543573  8.88859631E-06
  1473.26001  0.00019287446  8.6935861E-06
  1482.13135  0.00019021504  8.50276501E-06
  1491.05603  0.000187591664  8.31614034E-06
  1500.03442  0.000184990684  8.13201495E-06
  1509.06702  0.000182405987  7.94966945E-06
  1518.15393  0.000179856652  7.77141304E-06
  1527.29541  0.000177312962  7.59694967E-06
  1536.49207  0.00017479372  7.42632255E-06
  1545.74414  0.00017230658  7.25951895E-06
  1555.05188  0.000169810359  7.09625738E-06
  1564.41565  0.000167349179  6.93666743E-06
  1573.83582  0.000164901227  6.78068955E-06
  1583.31274  0.000162454511  6.62824687E-06
  1592.8468  0.000160042749  6.47923707E-06
  1602.43811  0.00015761808  6.33356149E-06
  1612.08728  0.000155209797  6.19115281E-06
  1621.79443  0.000152833076  6.05194555E-06
  1631.56018  0.000150411419  5.9158283E-06
  1641.38464  0.000148025851  5.78277877E-06
  1651.26819  0.000145635713  5.6527283E-06
  1661.21155  0.000143213838  5.52561141E-06
  1671.21448  0.00014082907  5.40135534E-06
  1681.27771  0.000138378455  5.27989323E-06
  1691.40161  0.00013592231  5.16116916E-06
  1701.58643  0.000133499983  5.04511581E-06
  1711.83264  0.000130912347  4.93167909E-06
  1722.14038  0.000128367479  4.82079395E-06
  1732.51038  0.000125745952  4.71157955E-06
  1742.94275  0.000122952377  4.60336832E-06
  1753.43787  0.00012020758  4.4976432E-06
  1763.99622  0.000117086165  4.39405767E-06
  1774.61829  0.000113823786  4.29272541E-06
  1785.3042  0.000110612629  4.19372327E-06
  1796.05432  0.000105862971  4.09661925E-06
  1806.86938  0.000101210921  4.00176305E-06
  1817.74951  8.94138793E-05  3.90910691E-06
  1828.69519  5.74282421E-05  3.81859536E-06
  1839.70667  8.16445026E-05  4.22869998E-05
  1850.78455  8.79670843E-05  4.14345886E-05
  1861.92908  9.36122378E-05  4.05993524E-05
  1873.14075  9.66726657E-05  3.97809345E-05
  1884.41992  9.96466988E-05  3.8979033E-05
  1895.76697  0.000101600075  3.81931968E-05
  1907.1825  0.000102569516  3.74231022E-05
  1918.66663  0.000103501166  3.66685599E-05
  1930.21985  0.000103860293  3.5929148E-05
  1941.84277  0.000104086037  3.52046118E-05
  1953.53552  0.000104240156  3.44946857E-05
  1965.29895  0.000104098421  3.37990023E-05
  1977.13306  0.000103945153  3.3117376E-05
  1989.03833  0.000103684666  3.24486609E-05
  2001.01538  0.00010331357  3.17925551E-05
  2013.06458  0.000102936589  3.11497206E-05
  2025.18628  0.000102446778  3.05183712E-05
  2037.38098  0.000101928985  2.98994983E-05
  2049.64917  0.000101395955  2.92931018E-05
  2061.99121  0.000100780373  2.86985687E-05
  2074.40747  0.000100165053  2.81160974E-05
  2086.89868  9.95170267E-05  2.75413895E-05
  2099.46484  9.88324682E-05  2.69738848E-05
  2112.10693  9.81500561E-05  2.6418069E-05
  2124.82495  9.74247305E-05  2.58725249E-05
  2137.61963  9.66910011E-05  2.53379349E-05
  2150.49146  9.59554091E-05  2.48141514E-05
  2163.44067  9.51835318E-05  2.4299643E-05
  2176.46777  9.44163985E-05  2.37958029E-05
  2189.57349  9.363758E-05  2.33014307E-05
  2202.75806  9.28437585E-05  2.28161571E-05
  2216.02222  9.20555758E-05  2.23409643E-05
  2229.36597  9.12495016E-05  2.18749574E-05
  2242.79028  9.04427652E-05  2.14184583E-05
  2256.29517  8.96397178E-05  2.09713235E-05
  2269.88159  8.88202339E-05  2.05320612E-05
  2283.5498  8.80075677E-05  2.01019884E-05
  2297.30005  8.71927405E-05  1.96803048E-05
  2311.1333  8.63730966E-05  1.9266643E-05
  2325.0498  8.55606049E-05  1.88616723E-05
  2339.05029  8.47409319E-05  1.84645542E-05
  2353.13501  8.39241184E-05  1.80755942E-05
  2367.30444  8.31134021E-05  1.76946814E-05
  2381.55933  8.22957008E-05  1.73203953E-05
  2395.89966  8.14857121E-05  1.69540308E-05
  2410.3269  8.06775352E-05  1.65951224E-05
  2424.84058  7.98689507E-05  1.62434262E-05
  2439.44189  7.90681734E-05  1.58991661E-05
  2454.1311  7.82662537E-05  1.55614034E-05
  2468.90869  7.74691434E-05  1.52305402E-05
  2483.77539  7.66791927E-05  1.49066536E-05
  2498.73145  7.58872338E-05  1.45888616E-05
  2513.77783  7.51032494E-05  1.42778335E-05
  2528.91455  7.43235432E-05  1.39732592E-05
  2544.14258  7.3546209E-05  1.3674904E-05
  2559.46216  7.27768347E-05  1.3382918E-05
  2574.87402  7.2009454E-05  1.30963863E-05
  2590.37842  7.12477777E-05  1.28156953E-05
  2605.97656  7.04936392E-05  1.25409852E-05
  2621.66846  6.97400392E-05  1.22717374E-05
  2637.45508  6.89943699E-05  1.20082686E-05
  2653.33643  6.82541795E-05  1.17502886E-05
  2669.31372  6.75178744E-05  1.14975655E-05
  2685.38696  6.67894274E-05  1.12502885E-05
  2701.55713  6.60646474E-05  1.10076553E-05
  2717.82471  6.53459356E-05  1.07699761E-05
  2734.19019  6.46348199E-05  1.0537422E-05
  2750.6543  6.3926258E-05  1.03096245E-05
  2767.21704  6.32254159E-05  1.00867701E-05
  2783.88013  6.25304383E-05  9.86856139E-06
  2800.64355  6.1839979E-05  9.65481922E-06
  2817.50757  6.11571159E-05  9.44570911E-06
  2834.47314  6.04788838E-05  9.2407663E-06
  2851.54102  5.98068218E-05  9.04010176E-06
  2868.71167  5.91421376E-05  8.84379642E-06
  2885.9856  5.84809859E-05  8.65145466E-06
  2903.36377  5.78271793E-05  8.46329476E-06
  2920.84644  5.71794335E-05  8.27905751E-06
  2938.43433  5.65365481E-05  8.09850371E-06
  2956.12842  5.59008586E-05  7.92188166E-06
  2973.92871  5.52703459E-05  7.7489849E-06
  2991.83643  5.4645956E-05  7.57978842E-06
  3009.85181  5.40286055E-05  7.41429358E-06
  3027.97559  5.34154133E-05  7.25208974E-06
  3046.20874  5.28091368E-05  7.09343158E-06
  3064.55151  5.22088922E-05  6.93813945E-06
  3083.00464  5.16137043E-05  6.78602964E-06
  3101.56909  5.10252903E-05  6.63725496E-06
  3120.24536  5.04420095E-05  6.49164349E-06
  3139.03394  4.98645604E-05  6.3491766E-06
  3157.93579  4.92937033E-05  6.20983565E-06
  3176.95142  4.872727E-05  6.07321408E-06
  3196.0813  4.81672869E-05  5.93960112E-06
  3215.3269  4.7613179E-05  5.80887172E-06
  3234.68799  4.70642444E-05  5.68089763E-06
  3254.16553  4.65216435E-05  5.55574388E-06
  3273.76074  4.59842086E-05  5.43324859E-06
  3293.47388  4.54523688E-05  5.31339947E-06
  3313.30566  4.49266736E-05  5.19619425E-06
  3333.25684  4.44053876E-05  5.08129506E-06
  3353.32788  4.38900788E-05  4.96892517E-06
  3373.52002  4.33803507E-05  4.85901728E-06
  3393.83398  4.28755739E-05  4.75147363E-06
  3414.27002  4.23766724E-05  4.64631876E-06
  3434.82935  4.18827622E-05  4.54338533E-06
  3455.51196  4.13941198E-05  4.4426688E-06
  3476.31958  4.09111599E-05  4.34418416E-06
  3497.2522  4.04327511E-05  4.24773498E-06
  3518.31104  3.99598612E-05  4.15341719E-06
  3539.49658  3.94922245E-05  4.06117397E-06
  3560.80981  3.90293135E-05  3.97092435E-06
  3582.25122  3.85718304E-05  3.88268063E-06
  3603.82202  3.81191094E-05  3.79627477E-06
  3625.52271  3.76713069E-05  3.71172086E-06
  3647.35376  3.72287686E-05  3.62905121E-06
  3669.31641  3.67906287E-05  3.5481537E-06
  3691.41138  3.63575782E-05  3.46905358E-06
  3713.63916  3.59294172E-05  3.39169742E-06
  3736.00098  3.55056727E-05  3.31600813E-06
  3758.49756  3.50869232E-05  3.24200823E-06
  3781.12939  3.46726993E-05  3.1695738E-06
  3803.89771  3.42630592E-05  3.09869688E-06
  3826.80273  3.38582649E-05  3.02940589E-06
  3849.84595  3.3457698E-05  2.96162102E-06
  3873.02808  3.30618059E-05  2.8953541E-06
  3896.34937  3.26704503E-05  2.83054646E-06
  3919.81152  3.22832057E-05  2.76711171E-06
  3943.41479  3.19005521E-05  2.70509895E-06
  3967.16016  3.15221623E-05  2.64443543E-06
  3991.04858  3.11480399E-05  2.58510113E-06
  4015.08081  3.0778363E-05  2.52709788E-06
  4039.25757  3.04126534E-05  2.47035655E-06
  4063.58008  3.00512347E-05  2.41488419E-06
  4088.04883  2.96940161E-05  2.36063693E-06
  4112.66504  2.93406792E-05  2.30752903E-06
  4137.42969  2.89915479E-05  2.25561939E-06
  4162.34326  2.8646331E-05  2.20486322E-06
  4187.40771  2.83050085E-05  2.15523551E-06
  4212.62158  2.79677752E-05  2.10672692E-06
  4237.98828  2.76342962E-05  2.05926267E-06
  4263.50732  2.7304759E-05  2.01286184E-06
  4289.18018  2.69790835E-05  1.9674942E-06
  4315.00781  2.66570114E-05  1.92309949E-06
  4340.99072  2.63387919E-05  1.87970431E-06
  4367.12988  2.60241886E-05  1.8372757E-06
  4393.42676  2.57131869E-05  1.79579104E-06
  4419.88184  2.54059014E-05  1.75524315E-06
  4446.49658  2.51021174E-05  1.7155628E-06
  4473.27148  2.48019369E-05  1.67677172E-06
  4500.20703  2.45052961E-05  1.63885193E-06
  4527.30518  2.42119422E-05  1.60176194E-06
  4554.56641  2.39220972E-05  1.56551152E-06
  4581.99219  2.36356282E-05  1.53006602E-06
  4609.58252  2.33525061E-05  1.49540904E-06
  4637.33936  2.3072771E-05  1.46153457E-06
  4665.26318  2.2796241E-05  1.42838928E-06
  4693.35498  2.2522996E-05  1.39598797E-06
  4721.61621  2.22529943E-05  1.3643189E-06
  4750.04785  2.19860849E-05  1.33335516E-06
  4778.65039  2.17223806E-05  1.30309422E-06
  4807.4248  2.14617321E-05  1.2735095E-06
  4836.37305  2.12040941E-05  1.24458518E-06
  4865.49512  2.0949552E-05  1.21631808E-06
  4894.79297  2.06980185E-05  1.18866944E-06
  4924.26709  2.04494972E-05  1.16164233E-06
  4953.91895  2.02039337E-05  1.13522935E-06
  4983.74902  1.99611895E-05  1.10940425E-06
  5013.75879  1.97213612E-05  1.08416668E-06
  5043.94922  1.94843415E-05  1.05948163E-06
  5074.32178  1.92500884E-05  1.03533489E-06
  5104.87695  1.90186547E-05  1.01173873E-06
  5135.61572  1.87899659E-05  9.88672809E-07
  5166.54004  1.85640147E-05  9.66130756E-07
  5197.65039  1.83407628E-05  9.44101942E-07
  5228.94873  1.81200685E-05  9.2256721E-07
  5260.43457  1.79020371E-05  9.01525766E-07
  5292.11035  1.76866033E-05  8.80952598E-07
  5323.97705  1.74737397E-05  8.60835542E-07
  5356.03564  1.72634336E-05  8.4117795E-07
  5388.28711  1.70556268E-05  8.21961351E-07
  5420.73291  1.68503102E-05  8.03181592E-07
  5453.37402  1.66474565E-05  7.84828785E-07
  5486.21191  1.64469657E-05  7.66877577E-07
  5519.24707  1.62488959E-05  7.49337289E-07
  5552.48096  1.6053189E-05  7.32192007E-07
  5585.91553  1.58598159E-05  7.15429678E-07
  5619.55176  1.56687693E-05  6.99052464E-07
  5653.39014  1.54799636E-05  6.83041662E-07
  5687.43164  1.5293419E-05  6.67395341E-07
  5721.67871  1.51091172E-05  6.52106507E-07
  5756.13232  1.49270345E-05  6.37158792E-07
  5790.79297  1.47471492E-05  6.22553841E-07
  5825.66211  1.45694012E-05  6.08280914E-07
  5860.7417  1.43937486E-05  5.94330743E-07
  5896.03223  1.42202152E-05  5.80700771E-07
  5931.53516  1.40487737E-05  5.67372069E-07
  5967.25244  1.38793966E-05  5.54344638E-07
  6003.18408  1.37120633E-05  5.41616771E-07
  6039.33301  1.3546708E-05  5.29172496E-07
  6075.69873  1.33833519E-05  5.17014485E-07
  6112.28369  1.32219639E-05  5.05134039E-07
  6149.08887  1.30625222E-05  4.93524226E-07
  6186.11572  1.29050031E-05  4.82181463E-07
  6223.36572  1.27493586E-05  4.71095149E-07
  6260.83984  1.25955821E-05  4.60262299E-07
  6298.53955  1.24436619E-05  4.4967868E-07
  6336.4668  1.22935944E-05  4.39336873E-07
  6374.62207  1.21452877E-05  4.29215476E-07
  6413.00684  1.19987453E-05  4.19318553E-07
  6451.62305  1.18539801E-05  4.09656025E-07
  6490.47119  1.1710973E-05  4.00222092E-07
  6529.55371  1.15696894E-05  3.91005472E-07
  6568.87207  1.14301083E-05  3.81995847E-07
  6608.42676  1.12922125E-05  3.73192904E-07
  6648.21973  1.11559802E-05  3.64591244E-07
  6688.25195  1.10213923E-05  3.56179186E-07
  6728.52539  1.08884269E-05  3.47960707E-07
  6769.0415  1.0757065E-05  3.39930523E-07
  6809.80127  1.06272892E-05  3.320838E-07
  6850.80664  1.04990777E-05  3.24418295E-07
  6892.05908  1.03723905E-05  3.16927668E-07
  6933.56006  1.02472268E-05  3.0960959E-07
  6975.31055  1.01235782E-05  3.02459739E-07
  7017.3125  1.0001444E-05  2.95469619E-07
  7059.56738  9.88078227E-06  2.88641161E-07
  7102.07715  9.76156298E-06  2.81969022E-07
  7144.84229  9.64377068E-06  2.75449025E-07
  7187.86523  9.52739811E-06  2.69080374E-07
  7231.14697  9.41245071E-06  2.6285656E-07
  7274.68945  9.29889393E-06  2.56776161E-07
  7318.49414  9.18670412E-06  2.50835853E-07
  7362.5625  9.07584763E-06  2.45028104E-07
  7406.89648  8.96632719E-06  2.39354932E-07
  7451.49756  8.85813915E-06  2.33812273E-07
  7496.36719  8.75126898E-06  2.28396914E-07
  7541.50635  8.64568938E-06  2.23107179E-07
  7586.91797  8.54138216E-06  2.17938194E-07
  7632.60254  8.43833459E-06  2.12888267E-07
  7678.5625  8.3365303E-06  2.07955324E-07
  7724.79932  8.23597384E-06  2.03133226E-07
  7771.31445  8.13663064E-06  1.98423095E-07
  7818.10938  8.03847706E-06  1.93821379E-07
  7865.18652  7.941494E-06  1.89325362E-07
  7912.54688  7.84568238E-06  1.84933782E-07
  7960.19287  7.75104218E-06  1.80641834E-07
  8008.12549  7.65754612E-06  1.76448879E-07
  8056.3457  7.56518375E-06  1.72353197E-07
  8104.85742  7.47394961E-06  1.68350823E-07
  8153.66162  7.3838155E-06  1.6444119E-07
  8202.75879  7.29476142E-06  1.60622022E-07
  8252.15234  7.20677008E-06  1.56890593E-07
  8301.84277  7.11983921E-06  1.53246006E-07
  8351.83203  7.03398609E-06  1.49684269E-07
  8402.12305  6.94917617E-06  1.46204769E-07
  8452.7168  6.86538715E-06  1.42806186E-07
  8503.61523  6.78259175E-06  1.39485422E-07
  8554.82031  6.70079498E-06  1.36241994E-07
  8606.33301  6.61999275E-06  1.33073186E-07
  8658.15625  6.54017413E-06  1.29976627E-07
  8710.29199  6.4613173E-06  1.26952443E-07
  8762.74121  6.38342362E-06  1.23997495E-07
  8815.50586  6.30647401E-06  1.21111E-07
  8868.58887  6.23045162E-06  1.18291752E-07
  8921.99121  6.155346E-06  1.15537595E-07
  8975.71582  6.08114397E-06  1.1284763E-07
  9029.76367  6.00783778E-06  1.10219439E-07
  9084.13574  5.93541608E-06  1.07651069E-07
  9138.83594  5.86386614E-06  1.05142618E-07
  9193.86621  5.79318885E-06  1.02692034E-07
  9249.22754  5.7233683E-06  1.00298671E-07
  9304.92188  5.6543895E-06  9.79611485E-08
  9360.95117  5.58624197E-06  9.56773292E-08
  9417.31836  5.51891571E-06  9.34468503E-08
  9474.02539  5.45240482E-06  9.1267772E-08
  9531.07324  5.38670565E-06  8.9138446E-08
  9588.46484  5.32179865E-06  8.70588863E-08
  9646.20215  5.25768201E-06  8.50272954E-08
  9704.28711  5.19434207E-06  8.30429414E-08
  9762.72168  5.13176565E-06  8.11049858E-08
  9821.50879  5.06994184E-06  7.92112615E-08
  9880.64844  5.00886472E-06  7.73620314E-08
  9940.14551  4.94852657E-06  7.5555775E-08
  10000.  4.8889242E-06  7.37912842E-08