Energy	cff = 2.25	alpha = 2 deg	alpha = 4 deg	cff = 2.25	cff = 2.25
eV					
	1 order	1 order	1 order	2 order	3 order
30	0.025500324	0.0098762289	0.01972	0.0061344854	9.2738401E-4
30.64641	0.026127784	0.010222717	0.02042	0.0062605096	9.6190849E-4
31.30676	0.026826419	0.010598141	0.02119	0.0064063394	0.0010020914
31.98133	0.027603386	0.011005454	0.02203	0.0065745641	0.0010485457
32.67044	0.02832604	0.011405049	0.02284	0.0067231292	0.0010908912
33.37439	0.029046472	0.011812746	0.02367	0.0068679769	0.0011332905
34.09351	0.029680617	0.012202323	0.02446	0.0069828047	0.0011688014
34.82813	0.030267291	0.0125853	0.02522	0.0070798164	0.0012004781
35.57858	0.030807048	0.012961458	0.02595	0.0071592564	0.0012283275
36.3452	0.031361677	0.01335048	0.02672	0.0072405213	0.00125736
37.12833	0.031913225	0.013746699	0.02749	0.0073182615	0.0012860087
37.92834	0.032438733	0.014142501	0.02826	0.0073855021	0.0013123795
38.74559	0.032927569	0.014534018	0.02901	0.0074392729	0.0013355236
39.58045	0.033334844	0.014905271	0.0297	0.0074666846	0.0013515428
40.4333	0.033564862	0.015221609	0.03025	0.0074401614	0.0013524414
41.30452	0.033874843	0.015572074	0.03087	0.0074358312	0.0013600662
42.19451	0.034212846	0.015939053	0.03152	0.007438465	0.0013698429
43.10368	0.034523774	0.016302761	0.03216	0.0074322992	0.0013771139
44.03245	0.034761935	0.016645741	0.03274	0.0074048536	0.0013781328
44.98122	0.035052262	0.01701433	0.03337	0.007391199	0.0013834306
45.95044	0.035354316	0.017393788	0.03401	0.0073799226	0.001389553
46.94054	0.035558492	0.017741315	0.03457	0.0073416308	0.0013874561
47.95197	0.035847344	0.018128306	0.03521	0.0073250975	0.0013925059
48.9852	0.036422845	0.018638264	0.03614	0.0073819822	0.0014210421
50.0407	0.037194386	0.019238953	0.03728	0.0074865455	0.0014656947
51.11893	0.03809144	0.019904345	0.03856	0.0076193986	0.0015209732
52.2204	0.039089322	0.020626256	0.03997	0.0077735004	0.0015851583
53.3456	0.0402578	0.021436278	0.04159	0.0079658423	0.0016647658
54.49504	0.041535225	0.022310486	0.04335	0.0081806723	0.0017551014
55.66926	0.042802088	0.023198713	0.04513	0.0083877286	0.0018457953
56.86877	0.044190947	0.024159769	0.04708	0.0086196056	0.001949226
58.09413	0.045593385	0.025147196	0.04908	0.0088500278	0.0020556706
59.3459	0.046932817	0.026127264	0.05105	0.0090592988	0.0021575878
60.62463	0.04818771	0.027089138	0.05296	0.0092437258	0.0022523359
61.93092	0.049188711	0.027953627	0.05461	0.0093615996	0.002322125
63.26535	0.050145432	0.028815133	0.05622	0.0094633717	0.0023875602
64.62855	0.05104997	0.029669005	0.0578	0.0095483456	0.0024476661
66.0211	0.051833678	0.030481571	0.05925	0.0095994994	0.0024951545
67.44367	0.052827794	0.031413272	0.06097	0.0096930675	0.0025643739
68.8969	0.054130498	0.032517347	0.06311	0.0098500699	0.0026662464
70.38142	0.055967897	0.033913739	0.06596	0.010119906	0.0028269622
71.89794	0.058126789	0.035502739	0.06928	0.010456465	0.0030274801
73.44714	0.060350135	0.037158709	0.07275	0.010799258	0.0032411169
75.02972	0.062730581	0.038931403	0.07651	0.011168906	0.0034800344
76.64639	0.064910844	0.040636182	0.08007	0.011487101	0.0037009346
78.2979	0.066919602	0.042285964	0.08347	0.011759198	0.0039045925
79.98501	0.068900816	0.04395587	0.08689	0.01201643	0.0041080257
81.70846	0.070918441	0.045680486	0.09042	0.012273968	0.0043192441
83.46904	0.072854631	0.047395937	0.09389	0.012507921	0.004521505
85.26756	0.074722886	0.049108971	0.09732	0.012720956	0.0047156741
87.10484	0.076677211	0.050906405	0.10093	0.012943245	0.0049235709
88.9817	0.07888557	0.052885994	0.10499	0.013213543	0.0051687416
90.89899	0.081001289	0.054851219	0.10898	0.013469139	0.005397887
92.85761	0.082896762	0.056726269	0.11268	0.013684247	0.0055904347
94.85843	0.084692068	0.058579996	0.11627	0.01387332	0.0057674027
96.90236	0.086546563	0.060506344	0.12	0.014071649	0.0059513645
98.99033	0.088414222	0.062478762	0.1238	0.014272662	0.0061345943
101.1233	0.090221547	0.06445311	0.12753	0.014455007	0.0063093607
103.3022	0.09207762	0.066496976	0.13138	0.014640297	0.0064923316
105.5281	0.093980052	0.068610542	0.13535	0.01482819	0.0066837026
107.8019	0.095902555	0.070778586	0.13939	0.015010484	0.0068816142
110.1247	0.097849809	0.073005244	0.1435	0.015185685	0.007088535
112.4976	0.099826537	0.075294726	0.14769	0.015353523	0.0073068202
114.9216	0.1018013	0.077626772	0.15189	0.015505297	0.0075339037
117.3979	0.1037714	0.079999499	0.1561	0.015640059	0.0077706478
119.9274	0.1056981	0.082385533	0.16024	0.015750404	0.0080124801
122.5115	0.1075548	0.084764339	0.16425	0.015833	0.0082559828
125.1513	0.109088	0.086949907	0.16761	0.015843285	0.008460585
127.848	0.1103152	0.088943534	0.17033	0.015795989	0.008613687
130.6027	0.1115432	0.09096393	0.17301	0.015751027	0.0087653063
133.4168	0.1125994	0.092880026	0.17528	0.015679229	0.0088870972
136.2916	0.1135281	0.094719641	0.17723	0.01559108	0.0089819077
139.2283	0.1143889	0.096524529	0.17895	0.015497711	0.009061615
142.2283	0.1150266	0.098168358	0.1801	0.015375921	0.0090992469
145.2929	0.1153069	0.099534385	0.18039	0.015206794	0.0090642758
148.4235	0.1154651	0.1008011	0.18028	0.015027465	0.0089979004
151.6216	0.1154138	0.1018903	0.17959	0.014825677	0.0088873813
154.8887	0.115096	0.1027449	0.17817	0.014591685	0.0087210666
158.2261	0.1147159	0.1035286	0.17647	0.014354584	0.0085392864
161.6354	0.1142172	0.1041886	0.17436	0.014106214	0.0083357655
165.1182	0.1135164	0.1046455	0.17165	0.013831556	0.0080978489
168.676	0.1128906	0.1051382	0.16896	0.013566395	0.007876521
172.3105	0.1124635	0.1057811	0.16656	0.013327254	0.0076939291
176.0233	0.1122392	0.1065843	0.16444	0.013115783	0.0075501497
179.8161	0.1121512	0.1074926	0.16245	0.012922604	0.0074330624
183.6906	0.1122542	0.1085614	0.16069	0.012752498	0.0073496695
187.6486	0.1126477	0.109893	0.15935	0.012616616	0.0073141046
191.6919	0.1134123	0.1115753	0.15853	0.012533012	0.0073367767
195.8223	0.1141369	0.1132157	0.15726	0.012448142	0.0073544551
200.0417	0.1148331	0.114823	0.15534	0.012358945	0.0073690293
204.3521	0.1155093	0.1164027	0.15077	0.012266348	0.0073818099
208.7553	0.1162053	0.1179936	0.14917	0.012170038	0.0073989392
213.2534	0.1171336	0.1198153	0.14828	0.012097806	0.0074511627
217.8484	0.1183079	0.1218897	0.14784	0.012052674	0.0075398167
222.5424	0.1198858	0.1243922	0.14807	0.012056897	0.0076873191
227.3375	0.1214979	0.1269387	0.1482	0.012068418	0.007840191
232.236	0.1232289	0.1296209	0.14839	0.012092478	0.0080111064
237.24	0.1253547	0.1327462	0.14917	0.012162633	0.0082409596
242.3519	0.1277385	0.1361753	0.15019	0.012276417	0.008511032
247.5739	0.1298665	0.1393358	0.15043	0.012371014	0.0087454766
252.9084	0.1319176	0.1424195	0.15028	0.012458771	0.0089704813
258.3578	0.134052	0.1456067	0.15001	0.012561961	0.0092107449
263.9247	0.1361077	0.1487084	0.14928	0.012667434	0.009442226
269.6116	0.1379178	0.1515212	0.1478	0.012750912	0.0096392827
275.4209	0.1395457	0.1541089	0.14571	0.012818284	0.0098128067
281.3555	0.1407591	0.1561821	0.14262	0.012839243	0.0099335741
287.4179	0.1410476	0.1571053	0.13776	0.012748399	0.0099476986
293.6109	0.1435063	0.1606345	0.13621	0.012947729	0.01022076
299.9374	0.145567	0.1636664	0.13369	0.013103639	0.010447132
306.4002	0.1474847	0.1665012	0.13063	0.01324972	0.010656978
313.0023	0.1493576	0.1692544	0.12719	0.013399577	0.010863262
319.7466	0.1512004	0.1719396	0.12341	0.013556823	0.011067814
326.6362	0.1530194	0.1745595	0.1193	0.013722761	0.011271426
333.6743	0.1548226	0.1771199	0.1149	0.013899728	0.011475122
340.864	0.1566167	0.1796248	0.11021	0.014089871	0.011679973
348.2086	0.1584143	0.1820861	0.10527	0.014295275	0.011888026
355.7115	0.1602206	0.1845068	0.10011	0.014518254	0.01210021
363.3761	0.1620441	0.1868939	0.09476	0.014761288	0.012318006
371.2058	0.1639182	0.1892891	0.08928	0.015029212	0.012547038
379.2043	0.1658833	0.1917444	0.08373	0.015328846	0.012794198
387.3751	0.1680618	0.1944286	0.07826	0.015679656	0.013081289
395.7219	0.1705779	0.1975175	0.07299	0.01611105	0.013433702
404.2486	0.1730904	0.2005328	0.06771	0.016601441	0.013799361
412.959	0.1752414	0.2029568	0.06258	0.01708753	0.014111197
421.8571	0.1771415	0.2049307	0.05639	0.017575799	0.014385276
430.9469	0.1788757	0.2065639	0.05006	0.01807831	0.014636101
440.2326	0.1804797	0.2078976	0.04374	0.018601358	0.014869947
449.7183	0.1820095	0.2090041	0.03756	0.019154074	0.015096867
459.4085	0.1834275	0.20982	0.03159	0.019737687	0.015311956
469.3074	0.1846855	0.2102662	0.02589	0.02034612	0.015506513
479.4197	0.1857342	0.2102607	0.02055	0.020969033	0.015670154
489.7498	0.1865807	0.2098059	0.01569	0.021607677	0.015804268
500.3025	0.1872005	0.2088585	0.01139	0.022258855	0.015904959
511.0826	0.1874609	0.2072168	0.00772	0.02289805	0.01594769
522.095	0.1870044	0.2043501	0.00477	0.023443064	0.01586088
533.3447	0.1858191	0.200252	0.00264	0.023835607	0.015629936
544.8367	0.1817488	0.1920572	0.00133	0.023668367	0.014996123
556.5764	0.1843558	0.1929886	9.89937E-4	0.024797667	0.015360983
568.569	0.1861171	0.1926072	0.0015	0.025902206	0.015663207
580.8201	0.1874241	0.1913752	0.00294	0.02703524	0.015917752
593.3351	0.1883269	0.1893527	0.00538	0.028171515	0.016116677
606.1198	0.1889413	0.1867026	0.00896	0.029325392	0.016276974
619.18	0.1893336	0.1835184	0.01376	0.03050442	0.016408464
632.5215	0.1896245	0.1799703	0.01897	0.031739023	0.016535062
646.1506	0.1898753	0.1761438	0.02493	0.033063654	0.016677782
660.0733	0.1898889	0.1717649	0.03145	0.03443186	0.016803028
674.296	0.1895095	0.1666261	0.03825	0.035777152	0.016872516
688.8251	0.1887809	0.1608015	0.04509	0.037090372	0.016888518
703.6674	0.1877594	0.1543829	0.05172	0.038374215	0.016859185
718.8294	0.1864494	0.1473888	0.0579	0.039598323	0.016772017
734.3181	0.1850998	0.1401577	0.06359	0.040853314	0.016684022
750.1406	0.1837429	0.1327328	0.06861	0.042162854	0.016608644
766.304	0.1824635	0.1252056	0.07285	0.043562703	0.016563937
782.8157	0.1814347	0.1177491	0.07623	0.045162454	0.016607948
799.6831	0.1804153	0.1100162	0.07779	0.046909381	0.01671941
816.914	0.1790819	0.096732095	0.07594	0.048619948	0.016806718
834.5162	0.1775374	0.081781611	0.07492	0.050317012	0.016886424
852.4977	0.1758184	0.070009544	0.07222	0.05200522	0.016966384
870.8666	0.1739326	0.059319019	0.06798	0.053675476	0.017046882
889.6313	0.1719012	0.04942115	0.06239	0.055332184	0.017136184
908.8003	0.1697322	0.040268965	0.05573	0.056968123	0.017234072
928.3823	0.1674444	0.031902686	0.04839	0.058582973	0.017342031
948.3864	0.1650697	0.024401821	0.04071	0.060202174	0.017479047
968.8214	0.1625721	0.017837316	0.03309	0.061800241	0.017633872
989.6967	0.1599328	0.012297561	0.02592	0.063357644	0.017794881
1011.022	0.1571826	0.00787968	0.01957	0.064903758	0.017978147
1032.807	0.1543427	0.0046638316	0.01341	0.066472381	0.018202035
1055.061	0.1513414	0.0027083729	0.00813	0.068017781	0.018441021
1077.794	0.1481667	0.0020634083	0.00425	0.069551796	0.018701816
1101.018	0.144804	0.0027564471	0.00177	0.071070388	0.018984009
1124.741	0.1412369	0.0048002452	6.07723E-4	0.072539732	0.019276265
1148.976	0.1374816	0.008194265	5.80796E-4	0.073977858	0.019597996
1173.734	0.1335524	0.012932106	0.00142	0.075366534	0.019953765
1199.024	0.1294812	0.019013938	0.0028	0.076641493	0.020329356
1224.86	0.1253267	0.026428029	0.00421	0.077802211	0.020742379
1251.252	0.1211693	0.035159793	0.00546	0.078819588	0.021196146
1278.213	0.1171086	0.045177359	0.00655	0.079623096	0.021669229
1305.755	0.1132583	0.056386016	0.00732	0.080183677	0.022154164
1333.89	0.1097674	0.068619713	0.00775	0.08043278	0.022612276
1362.632	0.1067879	0.081599593	0.00786	0.080299817	0.022985995
1391.992	0.1044873	0.094924733	0.00768	0.079794943	0.023247655
1421.986	0.1030239	0.1080687	0.00724	0.078918934	0.02334802
1452.626	0.1024787	0.1203977	0.00651	0.07767731	0.02322622
1483.926	0.1029553	0.1312423	0.00546	0.076146461	0.022857577
1515.9	0.1045146	0.1399265	0.00428	0.074412331	0.022220686
1548.563	0.1070457	0.1457601	0.00309	0.072522201	0.02128139
1581.93	0.1104566	0.1481092	0.00201	0.070564315	0.020045994
1616.016	0.1145335	0.1461897	0.00113	0.068614103	0.018545797
1650.837	0.1188347	0.1322706	5.06551E-4	0.066692032	0.016837602
1686.408	0.1229609	0.12058	1.43278E-4	0.064790286	0.014984413
1722.745	0.1263534	0.108005	9.61992E-6	0.062838264	0.013061631
1759.865	0.1283457	0.093988895	5.56398E-5	0.060702171	0.011148046
1797.786	0.1281602	0.078361154	2.18553E-4	0.058137294	0.0092786439
1836.523	0.124947	0.061432496	4.33267E-4	0.054848965	0.0074945143
1876.095	0.1179124	0.044157907	6.41252E-4	0.050503407	0.0058303624
1916.519	0.1066704	0.028131237	7.89139E-4	0.044849504	0.0043127122
1957.815	0.09132234	0.01513264	8.37179E-4	0.037751652	0.0029733882
2000	0.072339915	0.0062452368	7.71633E-4	0.029131798	0.0018485442
