Energy	cff = 2.25	alpha = 2 deg	alpha = 4 deg	cff = 2.25	cff = 2.25
eV					
	1 order	1 order	1 order	2 order	3 order
30	0.025492392	0.0098683229	0.019709632	0.0061384197	9.2800468E-4
30.64641	0.026118431	0.010214201	0.020409212	0.0062641078	9.6247863E-4
31.30676	0.026820956	0.010590576	0.021178005	0.0064114025	0.0010029594
31.98133	0.027611632	0.011001813	0.022027019	0.0065844185	0.0010503656
32.67044	0.028347256	0.011405207	0.022853173	0.0067375223	0.0010936195
33.37439	0.029081117	0.011816939	0.023695035	0.0068870424	0.0011369757
34.09351	0.029722484	0.012208737	0.024483563	0.0070044352	0.0011730113
34.82813	0.03031105	0.012592318	0.025246536	0.0071022161	0.0012048377
35.57858	0.03084494	0.012966618	0.025980765	0.007179854	0.0012322894
36.3452	0.031389356	0.013352309	0.026736379	0.0072579253	0.0012606201
37.12833	0.031926129	0.0137436	0.027499055	0.0073310398	0.0012882388
37.92834	0.032434352	0.014133497	0.028251333	0.0073929098	0.0013133866
38.74559	0.032901723	0.014517523	0.028981846	0.0074400599	0.0013349963
39.58045	0.033278562	0.014877971	0.029646816	0.007458136	0.0013488344
40.4333	0.033454016	0.015174692	0.030147027	0.0074148886	0.0013458913
41.30452	0.033709902	0.015505084	0.030720958	0.007394264	0.0013497586
42.19451	0.033994794	0.015851723	0.03132591	0.0073812143	0.0013558702
43.10368	0.034248531	0.016192945	0.031908527	0.0073584546	0.0013592355
44.03245	0.034418922	0.016508728	0.032419417	0.0073116082	0.0013557177
44.98122	0.034643486	0.016850056	0.032982882	0.0072794962	0.0013566538
45.95044	0.034880958	0.01720188	0.033561926	0.0072504859	0.0013585351
46.94054	0.035008594	0.017516108	0.034038998	0.0071914527	0.0013515546
47.95197	0.035223529	0.017869906	0.034601118	0.0071552107	0.0013519152
48.9852	0.035748523	0.018355591	0.035471983	0.0071990564	0.0013770101
50.0407	0.036486976	0.018938808	0.036567912	0.00729548	0.0014191176
51.11893	0.037363455	0.019591693	0.037821334	0.0074237175	0.0014725031
52.2204	0.038349282	0.020304529	0.039208695	0.0075755827	0.0015352292
53.3456	0.039518949	0.021111146	0.040813066	0.0077692699	0.0016140703
54.49504	0.040805243	0.021985317	0.04257156	0.007987557	0.0017040577
55.66926	0.042078357	0.02287231	0.044349629	0.008197437	0.0017942664
56.86877	0.043480471	0.023835327	0.046302788	0.0084340051	0.001897621
58.09413	0.044895843	0.024824597	0.048308749	0.0086690923	0.0020039922
59.3459	0.046241779	0.025803555	0.050274812	0.0088813771	0.0021054735
60.62463	0.047495879	0.026760852	0.052171767	0.0090669803	0.0021993169
61.93092	0.048474807	0.027610516	0.053780772	0.00918057	0.0022668117
63.26535	0.049403816	0.028454123	0.055353694	0.0092766872	0.0023295558
64.62855	0.050275519	0.029287137	0.056878611	0.0093548447	0.0023866042
66.0211	0.051016103	0.030073173	0.058261789	0.0093967412	0.0024303677
67.44367	0.051981263	0.030984852	0.059935775	0.0094847353	0.0024967664
68.8969	0.053275768	0.032079104	0.062043939	0.0096413828	0.0025971269
70.38142	0.05513899	0.033483189	0.064910367	0.0099192243	0.0027585202
71.89794	0.05734133	0.035089329	0.068272233	0.010268104	0.002960938
73.44714	0.059609715	0.03676362	0.071791038	0.010623594	0.0031767841
75.02972	0.062044088	0.038559739	0.075606219	0.011008088	0.0034188274
76.64639	0.064265467	0.040281549	0.079211883	0.011337942	0.0036421381
78.2979	0.066303618	0.041942395	0.082634568	0.011618748	0.0038474493
79.98501	0.068311349	0.043622088	0.08607731	0.011883903	0.0040524448
81.70846	0.070357636	0.045357943	0.089637287	0.012149777	0.0042655743
83.46904	0.072316512	0.047081608	0.093132816	0.012390513	0.0044693416
85.26756	0.074201189	0.048799556	0.096576214	0.012608734	0.0046645254
87.10484	0.076175533	0.050604139	0.1002084	0.012836964	0.0048738797
88.9817	0.07842277	0.052602071	0.1043193	0.01311748	0.0051226057
90.89899	0.080573305	0.054583751	0.1083532	0.013382145	0.0053551174
92.85761	0.0824873	0.056466032	0.1120779	0.013602434	0.0055493913
94.85843	0.084289134	0.058320008	0.1156707	0.013793913	0.0057267686
96.90236	0.086151607	0.060247548	0.1194068	0.013994978	0.0059112962
98.99033	0.088024087	0.062219296	0.123205	0.014198052	0.0060946946
101.1233	0.089823544	0.064185031	0.1269196	0.014379681	0.0062680771
103.3022	0.091672257	0.066220433	0.1307538	0.014564482	0.0064496412
105.5281	0.093567908	0.068325713	0.1347042	0.014752148	0.0066395681
107.8019	0.095482044	0.070484273	0.1387192	0.014934009	0.006835727
110.1247	0.0974195	0.072700292	0.1428045	0.015108609	0.0070405952
112.4976	0.0993855	0.07497827	0.1469667	0.015275788	0.0072565675
114.9216	0.1013464	0.077296399	0.1511399	0.015426346	0.0074808029
117.3979	0.1032995	0.079652749	0.155314	0.015559345	0.0077141654
119.9274	0.1052031	0.082017735	0.159403	0.015666733	0.0079517001
122.5115	0.1070292	0.0843696	0.1633435	0.015744895	0.0081897862
125.1513	0.1085036	0.086507082	0.1665805	0.015745012	0.0083852764
127.848	0.1096429	0.088429764	0.1691208	0.015681706	0.0085256128
130.6027	0.1107806	0.090375289	0.1716107	0.015620573	0.0086640473
133.4168	0.11173	0.092201874	0.173659	0.015529717	0.0087705385
136.2916	0.1125395	0.093939826	0.175348	0.01542051	0.00884856
139.2283	0.1132745	0.095634855	0.1767981	0.01530527	0.0089106858
142.2283	0.113767	0.097150289	0.1776411	0.015158454	0.0089285625
145.2929	0.1138726	0.098360173	0.1775507	0.014959342	0.0088709248
148.4235	0.1138467	0.099458456	0.1770518	0.014748988	0.0087815197
151.6216	0.1135962	0.1003619	0.1759331	0.014514202	0.0086472528
154.8887	0.1130624	0.1010111	0.1740603	0.014245026	0.0084568197
158.2261	0.1124666	0.1015841	0.1719071	0.013973739	0.0082523795
161.6354	0.1117499	0.1020256	0.1693432	0.013691681	0.0080274846
165.1182	0.1108261	0.1022538	0.1661881	0.013383588	0.0077696899
168.676	0.1099942	0.1025274	0.1630944	0.013088951	0.0075314324
172.3105	0.1093851	0.1029679	0.1603414	0.012825345	0.0073347813
176.0233	0.1090014	0.1035855	0.1579233	0.012593908	0.0071792025
179.8161	0.1087701	0.1043191	0.1556719	0.012384032	0.0070518688
183.6906	0.108743	0.1052226	0.1536841	0.012199958	0.0069590788
187.6486	0.1090319	0.1064103	0.1521709	0.012054614	0.006915682
191.6919	0.1097175	0.1079713	0.1512337	0.011965461	0.0069315103
195.8223	0.1103656	0.109491	0.1498717	0.011875505	0.0069427718
200.0417	0.1109923	0.1109826	0.1479075	0.01178252	0.006951801
204.3521	0.1116063	0.1124526	0.1434334	0.011687489	0.0069599189
208.7553	0.1122527	0.1139453	0.1418275	0.011591016	0.0069736112
213.2534	0.1131523	0.1156896	0.1409455	0.011521772	0.0070234714
217.8484	0.114317	0.1177057	0.1405338	0.011482241	0.0071105715
222.5424	0.1159053	0.1201708	0.1408314	0.011494402	0.0072567691
227.3375	0.1175324	0.122685	0.1410385	0.011514095	0.0074087079
232.236	0.1192901	0.1253482	0.1413301	0.011547679	0.0075794901
237.24	0.121463	0.1284771	0.1422377	0.011629535	0.007809802
242.3519	0.1239029	0.1319206	0.1434076	0.011755103	0.0080803689
247.5739	0.1260803	0.1350896	0.1438059	0.011860021	0.0083158026
252.9084	0.1281893	0.1381932	0.1438276	0.01195896	0.0085432576
258.3578	0.1304008	0.1414237	0.1437771	0.012075311	0.0087879868
263.9247	0.1325527	0.1445934	0.1433156	0.012195851	0.0090266345
269.6116	0.1345003	0.147526	0.1421835	0.012299608	0.0092368424
275.4209	0.1363594	0.1503491	0.1406031	0.012399334	0.0094354451
281.3555	0.138113	0.1530357	0.1385465	0.012493269	0.009619548
287.4179	0.1398463	0.1556827	0.136179	0.012589211	0.0098017706
293.6109	0.1415724	0.1583024	0.1335129	0.01269194	0.0099843834
299.9374	0.1432805	0.1608777	0.130529	0.012801154	0.010165781
306.4002	0.1449648	0.1633974	0.1272236	0.012916036	0.010344958
313.0023	0.1466528	0.1658916	0.1236448	0.013040759	0.010526248
319.7466	0.1483417	0.1683538	0.11979	0.013176573	0.010709415
326.6362	0.1500338	0.1707829	0.1156704	0.013324193	0.010894808
333.6743	0.1517276	0.1731731	0.1112915	0.013484654	0.011082297
340.864	0.1534267	0.1755253	0.1066687	0.013659636	0.011272579
348.2086	0.1551443	0.1778529	0.1018347	0.013851265	0.011467775
355.7115	0.1568828	0.1801552	0.096805856	0.014061399	0.011668435
363.3761	0.1586495	0.1824386	0.091608413	0.014292348	0.011875916
371.2058	0.1604792	0.1847468	0.08630418	0.014549061	0.01209592
379.2043	0.1624103	0.1871294	0.080952749	0.014838006	0.012334972
387.3751	0.1645708	0.1897624	0.075696401	0.015179139	0.012615195
395.7219	0.1670952	0.1928356	0.07065355	0.015602693	0.012962831
404.2486	0.1696222	0.1958454	0.065594316	0.016084276	0.013324158
412.959	0.1717795	0.1982564	0.060670268	0.016559737	0.013631579
421.8571	0.1736844	0.2002188	0.054708291	0.017036583	0.013901763
430.9469	0.1754261	0.2018475	0.048605759	0.017527318	0.01414948
440.2326	0.1770425	0.2031867	0.042511661	0.018038487	0.014381169
449.7183	0.1785931	0.2043137	0.036550004	0.018579694	0.014607205
459.4085	0.180039	0.2051638	0.03077773	0.019151941	0.014822583
469.3074	0.1813318	0.2056577	0.025266159	0.019749235	0.015018687
479.4197	0.182423	0.2057156	0.020100009	0.020361705	0.015185503
489.7498	0.1833237	0.2053454	0.015382357	0.020991366	0.015324962
500.3025	0.184015	0.204512	0.011202751	0.021636188	0.015434027
511.0826	0.1843752	0.2030297	0.0076353815	0.022274239	0.015490184
522.095	0.1840697	0.2004025	0.0047476296	0.022829296	0.015426417
533.3447	0.1832043	0.1967852	0.0026434248	0.023267061	0.015245228
544.8367	0.1827918	0.1936596	0.0013893737	0.023760486	0.015127705
556.5764	0.183528	0.1920268	9.7989E-4	0.024523644	0.015224122
568.569	0.1849209	0.1911558	0.0014331357	0.025541255	0.015470495
580.8201	0.186028	0.1896712	0.0028015247	0.026616514	0.015692797
593.3351	0.1867927	0.1874867	0.0051476681	0.027704922	0.015868317
606.1198	0.1872979	0.1847204	0.0086094746	0.028814698	0.016009375
619.18	0.1876042	0.181458	0.013260014	0.029952591	0.01612499
632.5215	0.1878315	0.1778672	0.01830654	0.031148821	0.016238691
646.1506	0.1880359	0.174026	0.024097921	0.032436557	0.016370447
660.0733	0.1880118	0.1696506	0.030436574	0.033768069	0.016485792
674.296	0.1875986	0.1645279	0.037052151	0.035076618	0.016546253
688.8251	0.1868405	0.158733	0.043707792	0.036353409	0.016554235
703.6674	0.1857849	0.1523471	0.050154641	0.037598688	0.016516488
718.8294	0.1844277	0.1453804	0.056153379	0.038780078	0.016419614
734.3181	0.1830422	0.1381983	0.061688289	0.039993986	0.016323507
750.1406	0.1816652	0.1308475	0.066573933	0.041265376	0.016242005
766.304	0.1803863	0.1234216	0.070734382	0.042631481	0.016193539
782.8157	0.1793855	0.116097	0.074079178	0.044203427	0.016236156
799.6831	0.1784071	0.108511	0.075689934	0.045924764	0.016346434
816.914	0.1771096	0.095460244	0.073999219	0.047608539	0.016431643
834.5162	0.1756003	0.080770694	0.073092788	0.049278911	0.01650882
852.4977	0.1739186	0.069195837	0.070555881	0.050941709	0.016586181
870.8666	0.1720729	0.058678243	0.066519693	0.052588258	0.016664084
889.6313	0.1700821	0.048933499	0.061147913	0.054222122	0.016750323
908.8003	0.1679538	0.039915662	0.05472197	0.055836011	0.016844619
928.3823	0.1657072	0.03166486	0.047614895	0.057429817	0.01694851
948.3864	0.1633737	0.02425951	0.040156558	0.059028428	0.017080555
968.8214	0.1609177	0.017769555	0.032719228	0.060606908	0.017229807
989.6967	0.1583209	0.012282289	0.025705539	0.062146164	0.017384931
1011.022	0.1556155	0.0078938864	0.019478181	0.063675947	0.017561957
1032.807	0.1528242	0.0046837116	0.013399589	0.065230653	0.017779194
1055.061	0.1498711	0.0027094171	0.0081832586	0.06676279	0.018010825
1077.794	0.1467446	0.0020213176	0.0043162541	0.068284206	0.0182635
1101.018	0.1434301	0.0026474262	0.0018188332	0.069791295	0.018536927
1124.741	0.1399107	0.0046010548	6.1900291E-4	0.071250647	0.018819969
1148.976	0.1362026	0.0078824824	5.430968E-4	0.072680548	0.019131841
1173.734	0.1323194	0.012486066	0.0013359273	0.074063241	0.019477131
1199.024	0.1282914	0.01841243	0.0026720383	0.075335257	0.019841976
1224.86	0.1241768	0.025650928	0.0040611862	0.076496527	0.020243963
1251.252	0.1200549	0.03418836	0.0053182505	0.077518664	0.020686667
1278.213	0.1160233	0.043994691	0.0064206151	0.078331769	0.02114927
1305.755	0.112194	0.054978643	0.0072244415	0.078906894	0.021624805
1333.89	0.1087139	0.066978902	0.0076921447	0.079175785	0.022075644
1362.632	0.1057336	0.079723179	0.0078448784	0.079067759	0.022445388
1391.992	0.1034202	0.09282016	0.0077039925	0.078592621	0.022707244
1421.986	0.1019312	0.1057546	0.0073009878	0.07775034	0.022812955
1452.626	0.1013486	0.117904	0.0065977299	0.076545082	0.022702355
1483.926	0.1017771	0.128612	0.0055677341	0.075052023	0.022351116
1515.9	0.103279	0.1372145	0.0043897429	0.073355742	0.021737877
1548.563	0.105747	0.1430293	0.0031931645	0.071501918	0.020828063
1581.93	0.1090923	0.14543	0.0020953103	0.069578119	0.019627338
1616.016	0.1131062	0.1436405	0.0011939727	0.067659751	0.018165816
1650.837	0.1173532	0.1300802	5.4580905E-4	0.065767854	0.016498435
1686.408	0.12144	0.1186773	1.6123362E-4	0.063896365	0.014686876
1722.745	0.1248147	0.1063853	1.2134141E-5	0.061977368	0.012805142
1759.865	0.126817	0.092658773	5.0911833E-5	0.059880067	0.010930702
1797.786	0.1266745	0.077326156	2.1538688E-4	0.05736303	0.0090980893
1836.523	0.1235409	0.06068841	4.392266E-4	0.054134876	0.0073480122
1876.095	0.1166202	0.043680392	6.6116237E-4	0.049863514	0.0057148272
1916.519	0.10552	0.027872389	8.2406966E-4	0.044298492	0.0042250878
1957.815	0.090329312	0.015025577	8.841221E-4	0.037302285	0.002910326
2000	0.071499303	0.0062209168	8.2385191E-4	0.028791286	0.0018057703
