 C Density=2.09
 Energy(eV), Delta, Beta
  500.  0.00175070262  0.0005648394
  502.496124  0.00173550367  0.000555002654
  505.004639  0.00172033673  0.000545337272
  507.525757  0.00170529948  0.000535839645
  510.059418  0.00169036328  0.000526508025
  512.605713  0.00167543977  0.000517339446
  515.164734  0.00166064559  0.000508330064
  517.736572  0.00164597994  0.000499477959
  520.321167  0.00163131859  0.000490779639
  522.918701  0.00161678239  0.000482232339
  525.529236  0.00160237378  0.000473834196
  528.152771  0.00158800755  0.000465581892
  530.789429  0.00157373969  0.000457473478
  533.439209  0.00155959919  0.000449506391
  536.102234  0.00154553028  0.000441678305
  538.778625  0.00153153832  0.000433986221
  541.468262  0.00151767244  0.000426428567
  544.171387  0.00150390272  0.000419002143
  546.888  0.00149019319  0.000411705201
  549.618164  0.00147660763  0.000404535298
  552.361938  0.00146313838  0.000397490017
  555.119446  0.00144971523  0.000390567933
  557.890686  0.00143641466  0.000383766484
  560.675781  0.00142323505  0.000377083401
  563.474854  0.00141011062  0.000370515569
  566.287842  0.00139709632  0.000364062435
  569.114807  0.00138420193  0.000357721467
  571.955933  0.0013713825  0.000351491733
  574.811279  0.00135865703  0.00034537082
  577.680847  0.00134604925  0.000339356309
  580.564758  0.00133353204  0.000333446806
  583.463013  0.00132109504  0.000327640329
  586.375793  0.00130877364  0.000321934698
  589.303101  0.00129655609  0.000316328544
  592.244995  0.00128440827  0.000310819625
  595.201599  0.00127237407  0.0003054064
  598.172974  0.00126045221  0.000300087675
  601.15918  0.00124859274  0.000294861209
  604.160278  0.00123684306  0.000289725955
  607.176331  0.00122520386  0.000284680224
  610.20752  0.00121363928  0.000279722502
  613.253784  0.00120217248  0.000274851482
  616.315247  0.00119081372  0.000270065328
  619.391968  0.00117954053  0.000265362207
  622.48407  0.00116835476  0.000260740519
  625.591675  0.00115727435  0.000256199419
  628.714722  0.00114628766  0.000251737656
  631.853394  0.00113537884  0.000247353659
  635.007751  0.00112457352  0.000243046205
  638.177795  0.00111386809  0.000238813722
  641.36377  0.00110323215  0.000234654348
  644.565552  0.00109269796  0.000230567661
  647.783325  0.00108226412  0.000226552118
  651.017212  0.00107189955  0.000222606846
  654.267212  0.00106162939  0.000218730493
  657.533386  0.00105145772  0.000214921689
  660.815979  0.00104135543  0.000211178572
  664.114868  0.00103133498  0.00020750059
  667.430298  0.00102141069  0.000203886491
  670.762268  0.00101156428  0.000200361217
  674.110779  0.001001789  0.000196932015
  677.476135  0.000992107787  0.000193561311
  680.858215  0.000982525875  0.000190259889
  684.257141  0.000973060203  0.000187060679
  687.673096  0.000963685394  0.000183915094
  691.106079  0.000954400864  0.00018082255
  694.556213  0.000945334439  0.000177799942
  698.02356  0.000936357304  0.000174828194
  701.50824  0.000927465211  0.000171906257
  705.010315  0.000918695005  0.000168904982
  708.529907  0.000910019618  0.000165914651
  712.067017  0.000901426305  0.000162977434
  715.621765  0.000892845273  0.000160033043
  719.194275  0.000884285895  0.00015709037
  722.784668  0.00087580824  0.000154201887
  726.392944  0.000867388095  0.000151366679
  730.019226  0.000858995772  0.000148583757
  733.663635  0.00085068465  0.000145852129
  737.326233  0.000842450012  0.000143170604
  741.00708  0.000834253558  0.000140538541
  744.70636  0.000826136733  0.000137954863
  748.424072  0.000818098953  0.000135418566
  752.160339  0.000810110185  0.000132928952
  755.915222  0.000802195107  0.000130485103
  759.688904  0.000794357096  0.000128086176
  763.481445  0.000786578574  0.000125730934
  767.292847  0.000778867048  0.00012341894
  771.123352  0.000771230843  0.000121149445
  774.9729  0.000763660471  0.000118921293
  778.841736  0.000756151567  0.000116733761
  782.729858  0.000748716586  0.000114586466
  786.637451  0.000741350756  0.000112478454
  790.564453  0.000734042434  0.000110408851
  794.511169  0.000726805767  0.000108377215
  798.477478  0.00071964087  0.000106383079
  802.463623  0.000712530396  0.000104425329
  806.469666  0.000705489831  0.000102503604
  810.495728  0.000698518765  0.000100617144
  814.54187  0.000691606489  9.8765704E-05
  818.608215  0.000684759347  9.69483808E-05
  822.694885  0.000677979842  9.51644179E-05
  826.801941  0.000671261922  9.34135169E-05
  830.929504  0.000664605759  9.16948993E-05
  835.077637  0.000658015604  9.00079758E-05
  839.246521  0.000651488255  8.83509638E-05
  843.436157  0.000645020395  8.67220297E-05
  847.64679  0.000638616562  8.51230434E-05
  851.878418  0.00063227542  8.35532628E-05
  856.131165  0.00062598841  8.2008868E-05
  860.405151  0.000619763858  8.04930678E-05
  864.700439  0.000613601296  7.90053018E-05
  869.017212  0.000607489899  7.7542194E-05
  873.35553  0.000601437816  7.61058327E-05
  877.715454  0.000595446094  7.46960868E-05
  882.097168  0.000589507865  7.33125635E-05
  886.500793  0.000583625515  7.19548334E-05
  890.926392  0.000577801955  7.0622249E-05
  895.374023  0.000572033634  6.93143083E-05
  899.843933  0.00056631898  6.80306475E-05
  904.336121  0.000560661429  6.67707645E-05
  908.850708  0.000555059523  6.55341864E-05
  913.387878  0.000549509656  6.4320644E-05
  917.947693  0.000544015202  6.3129577E-05
  922.530212  0.000538575754  6.19605125E-05
  927.135681  0.000533186074  6.08090522E-05
  931.764099  0.000527850294  5.96789178E-05
  936.415649  0.000522567832  5.85697271E-05
  941.090454  0.000517333043  5.74806836E-05
  945.788574  0.00051214901  5.64117363E-05
  950.510132  0.000507016957  5.53626196E-05
  955.255249  0.00050193374  5.43327769E-05
  960.024048  0.000496899185  5.33218445E-05
  964.816711  0.000491915096  5.23296731E-05
  969.63324  0.000486979727  5.1355888E-05
  974.473816  0.000482091185  5.03999581E-05
  979.338562  0.000477251684  4.94617889E-05
  984.227661  0.00047246032  4.85411329E-05
  989.141113  0.000467713806  4.76377609E-05
  994.079102  0.000463014934  4.67512364E-05
  999.041748  0.00045836324  4.58812101E-05
  1004.02917  0.000453756162  4.50274783E-05
  1009.04144  0.000449195097  4.41896918E-05
  1014.07874  0.00044467987  4.33674904E-05
  1019.14117  0.000440210715  4.25614817E-05
  1024.229  0.000435786758  4.1770887E-05
  1029.34216  0.00043140733  4.09950153E-05
  1034.48083  0.000427072431  4.0231138E-05
  1039.64514  0.000422781828  3.94783747E-05
  1044.83521  0.000418534328  3.8739694E-05
  1050.05127  0.000414328068  3.8013608E-05
  1055.29333  0.000410158857  3.72965951E-05
  1060.56152  0.000406031555  3.65931046E-05
  1065.85608  0.000401945785  3.59028454E-05
  1071.177  0.000397896511  3.52259922E-05
  1076.52466  0.000393887778  3.45618973E-05
  1081.8988  0.000389919645  3.39103099E-05
  1087.2998  0.000385989551  3.32708369E-05
  1092.72778  0.000382098428  3.26433619E-05
  1098.18286  0.000378246594  3.2027725E-05
  1103.66528  0.000374432246  3.14234276E-05
  1109.17493  0.000370655471  3.08303752E-05
  1114.71228  0.000366916589  3.02484787E-05
  1120.2771  0.00036321496  2.96777416E-05
  1125.86975  0.000359549274  2.91180768E-05
  1131.49023  0.000355920638  2.85689493E-05
  1137.13879  0.000352328527  2.80302083E-05
  1142.81567  0.00034877166  2.75016901E-05
  1148.52087  0.000345250679  2.69831144E-05
  1154.25439  0.000341765379  2.64743467E-05
  1160.01672  0.000338314334  2.59750432E-05
  1165.80774  0.000334898097  2.54851202E-05
  1171.62781  0.000331516232  2.50044541E-05
  1177.47681  0.000328168273  2.45329284E-05
  1183.35486  0.000324854045  2.40703666E-05
  1189.26245  0.000321573141  2.36165233E-05
  1195.19946  0.000318325387  2.31712129E-05
  1201.16614  0.000315110461  2.27342498E-05
  1207.1626  0.000311927957  2.23055504E-05
  1213.18896  0.000308777671  2.18849109E-05
  1219.24548  0.000305659254  2.1472104E-05
  1225.33215  0.000302572356  2.10671024E-05
  1231.44922  0.000299516571  2.06697405E-05
  1237.59692  0.000296492537  2.02782721E-05
  1243.77527  0.000293499033  1.98942107E-05
  1249.98438  0.00029053574  1.95174071E-05
  1256.22449  0.000287602306  1.91464969E-05
  1262.49585  0.000284698413  1.87822461E-05
  1268.79846  0.000281823857  1.84249093E-05
  1275.13257  0.000278977124  1.80732513E-05
  1281.49829  0.000276158244  1.77273541E-05
  1287.89575  0.000273367797  1.73880599E-05
  1294.32507  0.000270605204  1.70553194E-05
  1300.78674  0.000267869444  1.672902E-05
  1307.2804  0.000265161478  1.64089743E-05
  1313.80664  0.000262480782  1.60950276E-05
  1320.36548  0.000259826658  1.57870872E-05
  1326.95703  0.000257199426  1.54850222E-05
  1333.5813  0.000254598766  1.51887562E-05
  1340.23889  0.00025202398  1.48980907E-05
  1346.92957  0.000249475241  1.46129705E-05
  1353.65381  0.00024695223  1.43333136E-05
  1360.41138  0.000244454626  1.40590455E-05
  1367.20288  0.00024198211  1.3790027E-05
  1374.0282  0.000239534624  1.35261689E-05
  1380.88757  0.000237111875  1.32673658E-05
  1387.78125  0.000234713516  1.30135049E-05
  1394.70935  0.000232339415  1.27645135E-05
  1401.672  0.000229989368  1.25202805E-05
  1408.66943  0.000227663244  1.2280686E-05
  1415.70178  0.000225360636  1.20456853E-05
  1422.76917  0.000223081326  1.18151838E-05
  1429.87207  0.000220825124  1.1589068E-05
  1437.01013  0.000218591813  1.13672932E-05
  1444.18396  0.000216381028  1.11497593E-05
  1451.39355  0.000214192914  1.09363154E-05
  1458.63928  0.000212027007  1.07269443E-05
  1465.92102  0.000209883074  1.05215868E-05
  1473.23926  0.000207760837  1.03200173E-05
  1480.59387  0.000205660181  1.0122214E-05
  1487.98535  0.000203580712  9.9282006E-06
  1495.4137  0.000201522416  9.73766328E-06
  1502.87903  0.000199485206  9.55029645E-06
  1510.38171  0.000197468587  9.36653396E-06
  1517.92175  0.000195472312  9.18629121E-06
  1525.49963  0.000193495813  9.0094336E-06
  1533.11511  0.000191539366  8.83598295E-06
  1540.7688  0.000189602637  8.66586288E-06
  1548.46057  0.00018768567  8.49901153E-06
  1556.1908  0.000185788085  8.33537251E-06
  1563.95959  0.000183909695  8.17487398E-06
  1571.76721  0.000182050382  8.01747228E-06
  1579.61377  0.000180209943  7.86309101E-06
  1587.49951  0.000178388102  7.71169016E-06
  1595.42468  0.000176584726  7.56320333E-06
  1603.38928  0.000174799701  7.41757276E-06
  1611.39368  0.00017303272  7.27475208E-06
  1619.43811  0.000171283638  7.13467807E-06
  1627.52271  0.000169552484  6.99728798E-06
  1635.64758  0.000167838836  6.86255044E-06
  1643.81299  0.000166142519  6.73040813E-06
  1652.01929  0.000164463563  6.60081696E-06
  1660.26636  0.000162801603  6.47372963E-06
  1668.55481  0.000161156393  6.34908656E-06
  1676.88452  0.000159528179  6.22684183E-06
  1685.25586  0.00015791654  6.10695542E-06
  1693.66907  0.000156321141  5.98937822E-06
  1702.12415  0.000154742127  5.87407476E-06
  1710.62146  0.00015317928  5.76101002E-06
  1719.16125  0.000151632194  5.65012078E-06
  1727.74365  0.000150100896  5.54118787E-06
  1736.3689  0.000148585415  5.43399801E-06
  1745.03711  0.000147085244  5.32888316E-06
  1753.74866  0.000145600192  5.2257792E-06
  1762.50378  0.000144130056  5.12451879E-06
  1771.30249  0.000142674777  5.02522198E-06
  1780.14514  0.000141234181  4.92784466E-06
  1789.03198  0.000139808297  4.83225358E-06
  1797.96326  0.000138396834  4.73850332E-06
  1806.93896  0.000136999632  4.64656887E-06
  1815.95959  0.000135616603  4.55642248E-06
  1825.02515  0.000134247588  4.46802596E-06
  1834.13599  0.000132892368  4.38134066E-06
  1843.29248  0.000131550929  4.29634611E-06
  1852.49451  0.000130223212  4.21300774E-06
  1861.74255  0.000128908883  4.13128328E-06
  1871.03662  0.000127607898  4.05114815E-06
  1880.37732  0.000126320243  3.97256372E-06
  1889.7644  0.000125045612  3.89550905E-06
  1899.19849  0.00012378383  3.81994823E-06
  1908.67969  0.000122534955  3.74585215E-06
  1918.20825  0.000121298683  3.67319012E-06
  1927.78418  0.000120074896  3.60194099E-06
  1937.40808  0.00011886366  3.53207611E-06
  1947.07996  0.000117664713  3.46356433E-06
  1956.80017  0.000116477866  3.39638518E-06
  1966.56897  0.000115303126  3.33050093E-06
  1976.38647  0.000114140355  3.26589452E-06
  1986.25293  0.000112989328  3.20254185E-06
  1996.1687  0.00011185  3.14052318E-06
  2006.13403  0.00011072238  3.07992946E-06
  2016.14905  0.000109606131  3.02050535E-06
  2026.21387  0.000108501212  2.96217718E-06
  2036.32922  0.000107407934  2.90452226E-06
  2046.495  0.000106325679  2.84799307E-06
  2056.71143  0.00010525433  2.79256119E-06
  2066.979  0.000104193772  2.73818887E-06
  2077.29761  0.000103143902  2.68487224E-06
  2087.66797  0.000102104605  2.63259085E-06
  2098.08984  0.000101075959  2.58131035E-06
  2108.56421  0.00010005771  2.53101598E-06
  2119.09058  9.90497429E-05  2.48170068E-06
  2129.66943  9.80520199E-05  2.43333307E-06
  2140.30103  9.7064476E-05  2.38588905E-06
  2150.98584  9.60868419E-05  2.33936726E-06
  2161.72412  9.51191105E-05  2.29375064E-06
  2172.51587  9.41613107E-05  2.249006E-06
  2183.36133  9.32131734E-05  2.20513289E-06
  2194.26099  9.22745749E-05  2.16211743E-06
  2205.21533  9.13456242E-05  2.11990459E-06
  2216.22412  9.04260523E-05  2.0785144E-06
  2227.28809  8.95157136E-05  2.03793343E-06
  2238.40723  8.86147172E-05  1.99813189E-06
  2249.58154  8.77228595E-05  1.95910638E-06
  2260.81201  8.68399511E-05  1.92084281E-06
  2272.09839  8.5966014E-05  1.88331148E-06
  2283.44116  8.51009172E-05  1.84649923E-06
  2294.84058  8.42445297E-05  1.81040855E-06
  2306.29688  8.33968443E-05  1.7750159E-06
  2317.8103  8.25579045E-05  1.74030708E-06
  2329.38135  8.17273831E-05  1.70627675E-06
  2341.00977  8.09052508E-05  1.67290841E-06
  2352.69678  8.0091464E-05  1.64015091E-06
  2364.44189  7.92858846E-05  1.60803688E-06
  2376.24561  7.8488396E-05  1.57654995E-06
  2388.10815  7.76991437E-05  1.54568022E-06
  2400.03003  7.69178441E-05  1.51541497E-06
  2412.01172  7.6144388E-05  1.48574054E-06
  2424.05273  7.53788336E-05  1.45663728E-06
  2436.15405  7.46210208E-05  1.42809824E-06
  2448.31592  7.38708113E-05  1.40011673E-06
  2460.53833  7.31282344E-05  1.37267182E-06
  2472.82178  7.23932244E-05  1.3457485E-06
  2485.1665  7.16656068E-05  1.31935315E-06
  2497.57324  7.09453088E-05  1.29347302E-06
  2510.0415  7.02324178E-05  1.2680988E-06
  2522.57202  6.95266863E-05  1.24322173E-06
  2535.16528  6.88280343E-05  1.2188334E-06
  2547.82129  6.81365491E-05  1.19490846E-06
  2560.54053  6.74519979E-05  1.17145191E-06
  2573.32324  6.67743298E-05  1.14845727E-06
  2586.16968  6.6103632E-05  1.12589112E-06
  2599.08032  6.54397081E-05  1.10376072E-06
  2612.05542  6.4782449E-05  1.08206666E-06
  2625.09546  6.4131862E-05  1.06080347E-06
  2638.2002  6.34878743E-05  1.03996126E-06
  2651.37085  6.28503331E-05  1.01952912E-06
  2664.60669  6.22192674E-05  9.9948727E-07
  2677.90918  6.15946265E-05  9.79813763E-07
  2691.27783  6.09762574E-05  9.60528837E-07
  2704.71313  6.03641129E-05  9.41623171E-07
  2718.21558  5.97582293E-05  9.23084656E-07
  2731.78564  5.9158403E-05  9.04911758E-07
  2745.4231  5.85646194E-05  8.87097144E-07
  2759.12891  5.79769039E-05  8.6962325E-07
  2772.90283  5.73951256E-05  8.52493542E-07
  2786.74585  5.68191681E-05  8.35700462E-07
  2800.65771  5.62490713E-05  8.19240427E-07
  2814.63916  5.56847335E-05  8.03105536E-07
  2828.69019  5.512606E-05  7.87288684E-07
  2842.81152  5.45730436E-05  7.71764462E-07
  2857.00342  5.40256515E-05  7.56524742E-07
  2871.26611  5.34837527E-05  7.41586177E-07
  2885.6001  5.29473073E-05  7.26945075E-07
  2900.00562  5.24163261E-05  7.12603992E-07
  2914.48315  5.18906672E-05  6.98545307E-07
  2929.03247  5.13702944E-05  6.84765098E-07
  2943.65503  5.08552475E-05  6.7123807E-07
  2958.3501  5.03453775E-05  6.57978489E-07
  2973.11914  4.98406007E-05  6.44980219E-07
  2987.96118  4.9341008E-05  6.32233593E-07
  3002.87769  4.88464393E-05  6.19738387E-07
  3017.86865  4.83568219E-05  6.0748863E-07
  3032.93433  4.78721595E-05  5.95474944E-07
  3048.07544  4.73923828E-05  5.83695282E-07
  3063.29199  4.6917412E-05  5.72147542E-07
  3078.58472  4.64472396E-05  5.60825697E-07
  3093.95361  4.59818584E-05  5.49724064E-07
  3109.39917  4.55211411E-05  5.38841221E-07
  3124.92188  4.50650477E-05  5.28173075E-07
  3140.52197  4.4613611E-05  5.17710021E-07
  3156.2002  4.41666853E-05  5.07453194E-07
  3171.95654  4.37242416E-05  4.97399924E-07
  3187.7915  4.32863126E-05  4.8754049E-07
  3203.70557  4.2852771E-05  4.77875005E-07
  3219.69922  4.24235732E-05  4.68401112E-07
  3235.77246  4.19987336E-05  4.59110623E-07
  3251.92603  4.1578176E-05  4.50000755E-07
  3268.1604  4.11618239E-05  4.41071705E-07
  3284.47559  4.07496846E-05  4.32317876E-07
  3300.87231  4.03417107E-05  4.2373324E-07
  3317.35083  3.99378296E-05  4.15319306E-07
  3333.91162  3.95380048E-05  4.07072235E-07
  3350.55518  3.91422436E-05  3.98983957E-07
  3367.28198  3.87504406E-05  3.91056403E-07
  3384.09204  3.83625629E-05  3.83287414E-07
  3400.98584  3.7978647E-05  3.7566474E-07
  3417.96436  3.75985692E-05  3.68193582E-07
  3435.02759  3.7222293E-05  3.60871951E-07
  3452.17578  3.68498477E-05  3.53690666E-07
  3469.40991  3.64811312E-05  3.46651092E-07
  3486.72998  3.6116111E-05  3.39752347E-07
  3504.13623  3.57547906E-05  3.32987014E-07
  3521.62964  3.53971081E-05  3.26353614E-07
  3539.20996  3.50430164E-05  3.19853257E-07
  3556.87866  3.46924717E-05  3.13479802E-07
  3574.63525  3.43454922E-05  3.07229612E-07
  3592.48047  3.40019797E-05  3.01104762E-07
  3610.41479  3.36619087E-05  2.95101074E-07
  3628.43872  3.33252865E-05  2.89212949E-07
  3646.55249  3.29920258E-05  2.83442944E-07
  3664.75708  3.26620939E-05  2.77787706E-07
  3683.052  3.23355307E-05  2.72241181E-07
  3701.43872  3.20122272E-05  2.66805529E-07
  3719.91675  3.16921723E-05  2.61478107E-07
  3738.48755  3.13753335E-05  2.5625377E-07
  3757.15063  3.10616888E-05  2.51132917E-07
  3775.90698  3.07511727E-05  2.4611407E-07
  3794.75708  3.04437908E-05  2.41192765E-07
  3813.70142  3.01395139E-05  2.36367086E-07
  3832.73999  2.98382784E-05  2.31637628E-07
  3851.87378  2.95400696E-05  2.27002289E-07
  3871.10303  2.9244884E-05  2.2245807E-07
  3890.42822  2.89526524E-05  2.18004487E-07
  3909.8501  2.86633349E-05  2.13640249E-07
  3929.3689  2.83769386E-05  2.09359484E-07
  3948.98511  2.80934037E-05  2.05164255E-07
  3968.69922  2.78127045E-05  2.01053311E-07
  3988.51147  2.75348521E-05  1.97039043E-07
  4008.42285  2.72597918E-05  1.93108434E-07
  4028.43384  2.69874727E-05  1.89256042E-07
  4048.54443  2.67179075E-05  1.85468039E-07
  4068.75562  2.64510563E-05  1.8174542E-07
  4089.06787  2.61868681E-05  1.78097665E-07
  4109.48145  2.5925332E-05  1.74522015E-07
  4129.99609  2.56664462E-05  1.71016239E-07
  4150.61426  2.54101305E-05  1.67580623E-07
  4171.33496  2.51563833E-05  1.64214114E-07
  4192.15918  2.49052027E-05  1.60914993E-07
  4213.08691  2.46565378E-05  1.57681981E-07
  4234.11963  2.44103503E-05  1.54514083E-07
  4255.25732  2.41666512E-05  1.51407249E-07
  4276.5  2.3925395E-05  1.48362389E-07
  4297.84912  2.36865435E-05  1.45379175E-07
  4319.30518  2.34500985E-05  1.42454923E-07
  4340.86816  2.32160237E-05  1.39589247E-07
  4362.53857  2.29842917E-05  1.36781438E-07
  4384.31689  2.27548881E-05  1.34029762E-07
  4406.2041  2.25277909E-05  1.31332513E-07
  4428.20068  2.23029601E-05  1.28689962E-07
  4450.30713  2.20803813E-05  1.2609992E-07
  4472.52393  2.18600471E-05  1.23560298E-07
  4494.85156  2.16419157E-05  1.2107202E-07
  4517.29102  2.14259544E-05  1.1863419E-07
  4539.84229  2.12121849E-05  1.16243548E-07
  4562.50586  2.10005473E-05  1.13901258E-07
  4585.28271  2.07910234E-05  1.11606511E-07
  4608.17334  2.05836131E-05  1.09356193E-07
  4631.17822  2.03782784E-05  1.07150946E-07
  4654.29785  2.01749936E-05  1.04990505E-07
  4677.5332  1.99737497E-05  1.02873088E-07
  4700.88428  1.97745303E-05  1.00798154E-07
  4724.35205  1.95772973E-05  9.87653905E-08
  4747.93652  1.93820397E-05  9.67731282E-08
  4771.63916  1.91887393E-05  9.48202157E-08
  4795.46094  1.89973616E-05  9.29070296E-08
  4819.40039  1.88079066E-05  9.1032291E-08
  4843.45947  1.86203724E-05  8.91944083E-08
  4867.63916  1.84347064E-05  8.73939072E-08
  4891.93945  1.82508902E-05  8.56297362E-08
  4916.36084  1.80689276E-05  8.39002254E-08
  4940.9043  1.78887785E-05  8.22058155E-08
  4965.57031  1.7710423E-05  8.05455969E-08
  4990.35938  1.7533861E-05  7.89182977E-08
  5015.27197  1.7359067E-05  7.73236337E-08
  5040.30957  1.71860102E-05  7.5761001E-08
  5065.47168  1.70146923E-05  7.42295185E-08
  5090.75928  1.68450988E-05  7.27285325E-08
  5116.17334  1.66771933E-05  7.12578654E-08
  5141.71436  1.65109668E-05  6.98169913E-08
  5167.38281  1.63464174E-05  6.84051855E-08
  5193.17969  1.61835069E-05  6.70219222E-08
  5219.10498  1.60222226E-05  6.56667751E-08
  5245.15967  1.5862568E-05  6.4337712E-08
  5271.34424  1.57045069E-05  6.30355643E-08
  5297.65967  1.55480175E-05  6.17599127E-08
  5324.10693  1.53930941E-05  6.05094499E-08
  5350.68604  1.5239716E-05  5.92840728E-08
  5377.39746  1.50878677E-05  5.80836605E-08
  5404.24268  1.49375428E-05  5.69071474E-08
  5431.22168  1.47887285E-05  5.57539828E-08
  5458.33545  1.46413931E-05  5.46243122E-08
  5485.58447  1.44955375E-05  5.35175637E-08
  5512.96973  1.43511461E-05  5.24328172E-08
  5540.49121  1.42081944E-05  5.13702041E-08
  5568.15039  1.40666689E-05  5.03293549E-08
  5595.94775  1.3926564E-05  4.93096906E-08
  5623.88379  1.37878551E-05  4.83108273E-08
  5651.95947  1.36505287E-05  4.73324135E-08
  5680.1748  1.35145829E-05  4.63725804E-08
  5708.53125  1.33799904E-05  4.54321842E-08
  5737.02979  1.32467385E-05  4.45110828E-08
  5765.66992  1.31148245E-05  4.36080647E-08
  5794.45312  1.29842283E-05  4.27231974E-08
  5823.37988  1.28549318E-05  4.18564881E-08
  5852.45166  1.27269304E-05  4.10070129E-08
  5881.66797  1.2600216E-05  4.01744344E-08
  5911.03076  1.24747603E-05  3.93589552E-08
  5940.54004  1.23505561E-05  3.85600671E-08
  5970.1958  1.22275969E-05  3.77774505E-08
  6000.00049  1.21058583E-05  3.70108992E-08