 B4C Density=2.52
 Energy(eV), Delta, Beta
  500.  0.00207699416  0.000476164016
  503.010742  0.00205319817  0.000465960096
  506.039673  0.00202962873  0.00045597495
  509.086792  0.0020063296  0.000446203892
  512.152283  0.00198323186  0.000436633563
  515.236206  0.00196038769  0.000427267427
  518.338745  0.00193779555  0.000418096897
  521.459961  0.0019154147  0.000409098255
  524.599915  0.00189329253  0.000400293444
  527.758789  0.00187138293  0.000391650072
  530.936707  0.00184968358  0.000383166131
  534.133728  0.00182823616  0.000374866097
  537.350037  0.00180693588  0.000366724242
  540.585693  0.00178586238  0.000358754798
  543.840881  0.00176501693  0.000350958173
  547.115601  0.00174432097  0.000343330816
  550.410095  0.00172386714  0.000335869234
  553.724426  0.0017036167  0.000328616588
  557.058716  0.00168356497  0.000321570289
  560.413025  0.00166374934  0.000314675184
  563.787598  0.00164418702  0.000307953684
  567.182434  0.00162485987  0.000301382213
  570.597717  0.00160576019  0.000294941594
  574.03363  0.00158688717  0.000288579497
  577.490173  0.00156823616  0.00028235474
  580.967529  0.00154977874  0.000276254985
  584.465881  0.00153150863  0.000270276883
  587.985229  0.00151345413  0.000264428294
  591.525818  0.0014955732  0.000258696644
  595.087708  0.00147789309  0.000253086793
  598.671021  0.00146041834  0.000247598451
  602.27594  0.00144311914  0.000242229202
  605.902527  0.00142602518  0.00023697647
  609.551025  0.00140912505  0.000231837796
  613.221497  0.00139241526  0.000226810866
  616.914001  0.00137590396  0.000221892857
  620.628784  0.00135958334  0.000217077686
  624.365845  0.00134345528  0.000212365951
  628.125549  0.00132751977  0.000207750461
  631.907837  0.00131178822  0.000203181291
  635.712891  0.00129624316  0.000198712558
  639.540771  0.00128086226  0.000194305845
  643.391846  0.00126563618  0.000189948711
  647.266052  0.00125059136  0.000185689554
  651.163574  0.00123563595  0.000181486233
  655.084534  0.00122083072  0.000177365539
  659.029175  0.00120619312  0.000173338558
  662.997559  0.00119162444  0.000169403516
  666.989807  0.00117723155  0.000165558071
  671.006104  0.00116297358  0.000161860866
  675.04657  0.00114883238  0.000158332579
  679.111389  0.00113486289  0.000154881156
  683.200684  0.00112111028  0.000151587927
  687.314575  0.00110754103  0.000148393912
  691.453308  0.00109414523  0.000145269034
  695.616821  0.00108105189  0.000142236662
  699.805542  0.00106811489  0.00013926746
  704.019409  0.00105535623  0.00013631086
  708.258728  0.00104278594  0.000133341207
  712.523499  0.00103036535  0.000130436281
  716.813965  0.00101803476  0.000127535401
  721.13031  0.00100582885  0.000124676109
  725.472656  0.000993767288  0.000121881007
  729.841064  0.000981806661  0.000119148513
  734.23584  0.000969989866  0.000116477248
  738.657043  0.000958306249  0.000113865972
  743.104858  0.000946748245  0.000111313384
  747.579529  0.000935329532  0.000108817942
  752.081116  0.000924037362  0.000106378495
  756.609802  0.000912876567  0.000103993734
  761.16571  0.000901850522  0.000101662386
  765.749084  0.000890948344  9.93812137E-05
  770.360107  0.000880178006  9.71511399E-05
  774.99884  0.000869534328  9.49691457E-05
  779.665527  0.000859012594  9.28324152E-05
  784.360291  0.000848618394  9.07437861E-05
  789.083374  0.000838340959  8.86989219E-05
  793.834778  0.000828184246  8.66989067E-05
  798.614929  0.00081815006  8.47438059E-05
  803.423828  0.000808227749  8.2832441E-05
  808.261658  0.000798425754  8.09642079E-05
  813.128601  0.000788740173  7.91381608E-05
  818.024902  0.000779167574  7.73533538E-05
  822.950684  0.0007697111  7.56088702E-05
  827.906067  0.000760367373  7.39038223E-05
  832.891357  0.000751135813  7.22372424E-05
  837.906616  0.000742016302  7.06082719E-05
  842.952087  0.000733006978  6.90098313E-05
  848.027954  0.000724107027  6.74475741E-05
  853.134399  0.000715313246  6.59185534E-05
  858.271545  0.000706622261  6.44197062E-05
  863.439697  0.000698036805  6.29549395E-05
  868.638855  0.000689549488  6.15198369E-05
  873.869446  0.000681161822  6.01154461E-05
  879.131409  0.000672876253  5.87431787E-05
  884.425171  0.000664683874  5.74018013E-05
  889.750793  0.000656590972  5.60910412E-05
  895.108398  0.000648594985  5.48103017E-05
  900.498352  0.000640691898  5.35588624E-05
  905.920654  0.00063288532  5.2336065E-05
  911.375732  0.000625170476  5.11413455E-05
  916.863647  0.000617547834  4.99740017E-05
  922.384521  0.000610018265  4.88333208E-05
  927.938721  0.000602577289  4.77243375E-05
  933.526306  0.000595227059  4.66408492E-05
  939.147522  0.000587966875  4.55823429E-05
  944.802612  0.000580796041  4.45488076E-05
  950.491821  0.000573712576  4.35386937E-05
  956.215271  0.000566716481  4.25520702E-05
  961.973145  0.000559806183  4.15882423E-05
  967.765625  0.000552980171  4.06462459E-05
  973.59314  0.000546238676  3.97255644E-05
  979.455566  0.000539579545  3.88257467E-05
  985.353394  0.000533002079  3.79460944E-05
  991.286743  0.000526506337  3.70857524E-05
  997.255798  0.000520089874  3.62449573E-05
  1003.26086  0.000513753155  3.54227268E-05
  1009.302  0.0005074949  3.46188317E-05
  1015.37958  0.000501312665  3.38331483E-05
  1021.49365  0.000495207729  3.30571856E-05
  1027.64465  0.000489177182  3.22983396E-05
  1033.83264  0.00048321925  3.15562138E-05
  1040.05786  0.000477331429  3.08290691E-05
  1046.32056  0.000471515348  3.01186847E-05
  1052.62097  0.000465767778  2.9422974E-05
  1058.95947  0.000460088544  2.87421499E-05
  1065.33594  0.000454478693  2.80771001E-05
  1071.75098  0.000448934996  2.74276572E-05
  1078.20447  0.000443458848  2.67932774E-05
  1084.69702  0.000438049145  2.61735222E-05
  1091.22852  0.000432704925  2.5568057E-05
  1097.79932  0.000427425868  2.49766108E-05
  1104.40979  0.000422210869  2.43986869E-05
  1111.06006  0.000417059229  2.38340162E-05
  1117.75024  0.000411970512  2.32824204E-05
  1124.48083  0.000406943436  2.27437577E-05
  1131.25195  0.000401977653  2.22176077E-05
  1138.06384  0.000397072494  2.17036413E-05
  1144.91663  0.000392227317  2.12016039E-05
  1151.81091  0.000387441105  2.07111552E-05
  1158.74646  0.000382713537  2.02320134E-05
  1165.72388  0.00037804374  1.97638929E-05
  1172.74341  0.00037343087  1.93066044E-05
  1179.80505  0.000368874928  1.88599679E-05
  1186.9093  0.000364374573  1.84236724E-05
  1194.0564  0.000359929167  1.79974522E-05
  1201.24634  0.000355538737  1.75811201E-05
  1208.47974  0.000351201772  1.71744159E-05
  1215.75671  0.000346918096  1.67771141E-05
  1223.07727  0.000342687126  1.63890036E-05
  1230.44214  0.000338507642  1.60098534E-05
  1237.85132  0.000334380311  1.56388214E-05
  1245.30505  0.000330303475  1.52762768E-05
  1252.80371  0.000326276524  1.49220077E-05
  1260.34753  0.000322299136  1.45753693E-05
  1267.93677  0.000318370236  1.42367971E-05
  1275.57153  0.000314489211  1.39055937E-05
  1283.25244  0.000310655305  1.35816108E-05
  1290.97961  0.00030686814  1.32651767E-05
  1298.7533  0.000303127337  1.29561158E-05
  1306.57373  0.00029943214  1.26542473E-05
  1314.44128  0.000295782083  1.23594264E-05
  1322.35632  0.000292176817  1.20714831E-05
  1330.31897  0.000288615527  1.17902482E-05
  1338.32947  0.00028509798  1.15155508E-05
  1346.38818  0.000281623652  1.12472362E-05
  1354.49548  0.000278191612  1.09851626E-05
  1362.65173  0.000274801889  1.07292281E-05
  1370.85693  0.000271453609  1.04792643E-05
  1379.11157  0.00026814625  1.02351287E-05
  1387.41589  0.000264879724  9.99671192E-06
  1395.77026  0.00026165304  9.76383853E-06
  1404.17493  0.000258466025  9.5364021E-06
  1412.63025  0.000255318329  9.3142653E-06
  1421.13647  0.000252208905  9.09730352E-06
  1429.69385  0.000249138073  8.88533305E-06
  1438.30273  0.000246104784  8.6782793E-06
  1446.9635  0.000243108516  8.47604133E-06
  1455.67651  0.000240149544  8.2784145E-06
  1464.44189  0.000237226574  8.08539698E-06
  1473.26001  0.000234339619  7.89676233E-06
  1482.13135  0.000231488273  7.71238047E-06
  1491.05603  0.000228671619  7.53231325E-06
  1500.03442  0.000225889948  7.35565618E-06
  1509.06702  0.000223142255  7.18291813E-06
  1518.15393  0.000220427974  7.01422732E-06
  1527.29541  0.000217746623  6.84939414E-06
  1536.49207  0.000215097854  6.68842995E-06
  1545.74414  0.000212481507  6.53125471E-06
  1555.05188  0.000209897276  6.37777521E-06
  1564.41565  0.000207344492  6.22790276E-06
  1573.83582  0.00020482314  6.08155142E-06
  1583.31274  0.000202332507  5.93863433E-06
  1592.8468  0.0001998722  5.79907964E-06
  1602.43811  0.000197442409  5.66279505E-06
  1612.08728  0.000195042128  5.52971369E-06
  1621.79443  0.000192671287  5.39975372E-06
  1631.56018  0.000190329592  5.27283464E-06
  1641.38464  0.000188016376  5.14890417E-06
  1651.26819  0.000185731653  5.02789771E-06
  1661.21155  0.000183474753  4.90973525E-06
  1671.21448  0.000181245385  4.79435312E-06
  1681.27771  0.000179043767  4.68167536E-06
  1691.40161  0.000176868896  4.57165152E-06
  1701.58643  0.000174720713  4.46421518E-06
  1711.83264  0.000172599059  4.3593077E-06
  1722.14038  0.000170503175  4.2568663E-06
  1732.51038  0.000168433253  4.15649765E-06
  1742.94275  0.000166388636  4.05837773E-06
  1753.43787  0.000164368859  3.96256746E-06
  1763.99622  0.000162373835  3.86888223E-06
  1774.61829  0.000160402982  3.77741276E-06
  1785.3042  0.000158456227  3.68806764E-06
  1796.05432  0.000156533381  3.60078343E-06
  1806.86938  0.000154633846  3.51556446E-06
  1817.74951  0.000152757595  3.43234365E-06
  1828.69519  0.000150904219  3.35108598E-06
  1839.70667  0.00014907337  3.27175007E-06
  1850.78455  0.000147265135  3.19429819E-06
  1861.92908  0.000145478814  3.11867984E-06
  1873.14075  0.000143714293  3.04485116E-06
  1884.41992  0.000141971454  2.97276824E-06
  1895.76697  0.000140249729  2.90239268E-06
  1907.1825  0.000138549192  2.833694E-06
  1918.66663  0.000136869407  2.76663081E-06
  1930.21985  0.000135210023  2.70115584E-06
  1941.84277  0.000133571113  2.63723564E-06
  1953.53552  0.000131952067  2.57482748E-06
  1965.29895  0.000130352724  2.5138911E-06
  1977.13306  0.000128772983  2.45439333E-06
  1989.03833  0.000127212406  2.39630526E-06
  2001.01538  0.000125671155  2.34002096E-06
  2013.06458  0.000124148821  2.28526346E-06
  2025.18628  0.000122644909  2.23178517E-06
  2037.38098  0.000121160141  2.17877823E-06
  2049.64917  0.000119693337  2.12703026E-06
  2061.99121  0.000118244272  2.07650214E-06
  2074.40747  0.00011681272  2.02715682E-06
  2086.89868  0.000115398478  1.97898294E-06
  2099.46484  0.00011400161  1.93193682E-06
  2112.10693  0.000112621703  1.8859995E-06
  2124.82495  0.000111258545  1.84115515E-06
  2137.61963  0.000109912165  1.79736116E-06
  2150.49146  0.00010858207  1.75460696E-06
  2163.44067  0.000107268199  1.7128516E-06
  2176.46777  0.00010597043  1.6720461E-06
  2189.57349  0.000104688355  1.63221284E-06
  2202.75806  0.000103421982  1.59333126E-06
  2216.02222  0.000102171012  1.55537566E-06
  2229.36597  0.000100935198  1.51832637E-06
  2242.79028  9.9714649E-05  1.48213644E-06
  2256.29517  9.85088991E-05  1.44680916E-06
  2269.88159  9.73177739E-05  1.41231078E-06
  2283.5498  9.61411861E-05  1.37860252E-06
  2297.30005  9.49788446E-05  1.34570075E-06
  2311.1333  9.38307203E-05  1.31358399E-06
  2325.0498  9.26965949E-05  1.28223439E-06
  2339.05029  9.15761557E-05  1.25163297E-06
  2353.13501  9.04695044E-05  1.22173128E-06
  2367.30444  8.93762408E-05  1.19254162E-06
  2381.55933  8.82962559E-05  1.16404624E-06
  2395.89966  8.72295932E-05  1.13622082E-06
  2410.3269  8.6175758E-05  1.10906046E-06
  2424.84058  8.51347868E-05  1.08254187E-06
  2439.44189  8.41064175E-05  1.05665106E-06
  2454.1311  8.30904755E-05  1.03138086E-06
  2468.90869  8.20870846E-05  1.00669604E-06
  2483.77539  8.10958154E-05  9.82600682E-07
  2498.73145  8.01165734E-05  9.59079216E-07
  2513.77783  7.91492857E-05  9.36110666E-07
  2528.91455  7.81936906E-05  9.13693839E-07
  2544.14258  7.7249766E-05  8.91804461E-07
  2559.46216  7.63173521E-05  8.70433553E-07
  2574.87402  7.53961867E-05  8.49575144E-07
  2590.37842  7.44862991E-05  8.29201213E-07
  2605.97656  7.35873764E-05  8.09313576E-07
  2621.66846  7.2699353E-05  7.89902913E-07
  2637.45508  7.18222E-05  7.70952909E-07
  2653.33643  7.09556407E-05  7.52457936E-07
  2669.31372  7.00996388E-05  7.34395599E-07
  2685.38696  6.92540634E-05  7.167597E-07
  2701.55713  6.84186816E-05  6.99547854E-07
  2717.82471  6.7593508E-05  6.82742495E-07
  2734.19019  6.67783024E-05  6.66340554E-07
  2750.6543  6.59729776E-05  6.50329582E-07
  2767.21704  6.51775335E-05  6.3469497E-07
  2783.88013  6.43916428E-05  6.19435014E-07
  2800.64355  6.36153127E-05  6.04541981E-07
  2817.50757  6.28484195E-05  5.90006664E-07
  2834.47314  6.20907813E-05  5.75821275E-07
  2851.54102  6.13423836E-05  5.61957734E-07
  2868.71167  6.06030226E-05  5.48426385E-07
  2885.9856  5.98726219E-05  5.35220636E-07
  2903.36377  5.91511453E-05  5.22331504E-07
  2920.84644  5.84383743E-05  5.09753249E-07
  2938.43433  5.77342398E-05  4.97471717E-07
  2956.12842  5.70386328E-05  4.85480484E-07
  2973.92871  5.63514077E-05  4.7377921E-07
  2991.83643  5.56726045E-05  4.62355359E-07
  3009.85181  5.50020086E-05  4.51206603E-07
  3027.97559  5.43395145E-05  4.40324726E-07
  3046.20874  5.36850748E-05  4.29697252E-07
  3064.55151  5.30385332E-05  4.19326653E-07
  3083.00464  5.23998424E-05  4.09203778E-07
  3101.56909  5.17688932E-05  3.99322744E-07
  3120.24536  5.11455401E-05  3.89680707E-07
  3139.03394  5.0529794E-05  3.80265988E-07
  3157.93579  4.99214766E-05  3.71077817E-07
  3176.95142  4.93205007E-05  3.621102E-07
  3196.0813  4.87268553E-05  3.53354608E-07
  3215.3269  4.8140344E-05  3.44810957E-07
  3234.68799  4.75609413E-05  3.364718E-07
  3254.16553  4.69885563E-05  3.28332135E-07
  3273.76074  4.64230507E-05  3.20389603E-07
  3293.47388  4.58644608E-05  3.12633802E-07
  3313.30566  4.53126158E-05  3.05064759E-07
  3333.25684  4.47674211E-05  2.97678781E-07
  3353.32788  4.42288583E-05  2.90468506E-07
  3373.52002  4.36967639E-05  2.83433138E-07
  3393.83398  4.31711123E-05  2.76565657E-07
  3414.27002  4.26518454E-05  2.69863108E-07
  3434.82935  4.2138814E-05  2.63323301E-07
  3455.51196  4.16320436E-05  2.56937653E-07
  3476.31958  4.11313704E-05  2.5070608E-07
  3497.2522  4.06367399E-05  2.44625454E-07
  3518.31104  4.01481084E-05  2.38689097E-07
  3539.49658  3.96653559E-05  2.32897079E-07
  3560.80981  3.91884496E-05  2.27243575E-07
  3582.25122  3.87173241E-05  2.21724804E-07
  3603.82202  3.82518556E-05  2.16339984E-07
  3625.52271  3.77920333E-05  2.110841E-07
  3647.35376  3.73377516E-05  2.05955615E-07
  3669.31641  3.68889414E-05  2.0095159E-07
  3691.41138  3.64455955E-05  1.9606631E-07
  3713.63916  3.60075865E-05  1.91300117E-07
  3736.00098  3.55748634E-05  1.86648037E-07
  3758.49756  3.51473645E-05  1.82106746E-07
  3781.12939  3.47250061E-05  1.77676299E-07
  3803.89771  3.43077663E-05  1.73351381E-07
  3826.80273  3.38955615E-05  1.69131312E-07
  3849.84595  3.3488308E-05  1.65013731E-07
  3873.02808  3.3086013E-05  1.60995427E-07
  3896.34937  3.26885602E-05  1.57075235E-07
  3919.81152  3.22958949E-05  1.53249161E-07
  3943.41479  3.19079736E-05  1.49514349E-07
  3967.16016  3.15247125E-05  1.45870871E-07
  3991.04858  3.11460935E-05  1.42328233E-07
  4015.08081  3.07720329E-05  1.38875336E-07
  4039.25757  3.04024761E-05  1.35504735E-07
  4063.58008  3.00374159E-05  1.32198423E-07
  4088.04883  2.96767448E-05  1.28973056E-07
  4112.66504  2.93204175E-05  1.25826105E-07
  4137.42969  2.89683958E-05  1.22756006E-07
  4162.34326  2.8620605E-05  1.19761083E-07
  4187.40771  2.82770034E-05  1.16838692E-07
  4212.62158  2.79375636E-05  1.13987724E-07
  4237.98828  2.76021838E-05  1.11206383E-07
  4263.50732  2.72708639E-05  1.08491676E-07
  4289.18018  2.69435168E-05  1.05843498E-07
  4315.00781  2.66201205E-05  1.03259673E-07
  4340.99072  2.63006441E-05  1.00738198E-07
  4367.12988  2.59850021E-05  9.82787753E-08
  4393.42676  2.56731728E-05  9.58789173E-08
  4419.88184  2.53650996E-05  9.35376292E-08
  4446.49658  2.50607209E-05  9.12537388E-08
  4473.27148  2.47600328E-05  8.90250078E-08
  4500.20703  2.44629609E-05  8.68510242E-08
  4527.30518  2.41694597E-05  8.47298409E-08
  4554.56641  2.38795037E-05  8.26598807E-08
  4581.99219  2.35930238E-05  8.0640703E-08
  4609.58252  2.33100018E-05  7.8670233E-08
  4637.33936  2.30303795E-05  7.67476109E-08
  4665.26318  2.27541132E-05  7.48723465E-08
  4693.35498  2.24811974E-05  7.30422087E-08
  4721.61621  2.22115523E-05  7.12570269E-08
  4750.04785  2.1945154E-05  6.95155933E-08
  4778.65039  2.16819826E-05  6.78166998E-08
  4807.4248  2.1421969E-05  6.61595934E-08
  4836.37305  2.11650786E-05  6.45423412E-08
  4865.49512  2.0911275E-05  6.29644745E-08
  4894.79297  2.06605127E-05  6.14254034E-08
  4924.26709  2.04127991E-05  5.99234724E-08
  4953.91895  2.01680523E-05  5.84585997E-08
  4983.74902  1.99262504E-05  5.70295597E-08
  5013.75879  1.96873552E-05  5.56350415E-08
  5043.94922  1.9451325E-05  5.42746825E-08
  5074.32178  1.92181451E-05  5.29472146E-08
  5104.87695  1.89877701E-05  5.16521759E-08
  5135.61572  1.87601599E-05  5.03890369E-08
  5166.54004  1.85353038E-05  4.91566148E-08
  5197.65039  1.83131433E-05  4.79545541E-08
  5228.94873  1.80936477E-05  4.67817003E-08
  5260.43457  1.78768023E-05  4.56372007E-08
  5292.11035  1.76625508E-05  4.45208883E-08
  5323.97705  1.74508768E-05  4.34317613E-08
  5356.03564  1.7241744E-05  4.23693081E-08
  5388.28711  1.70351177E-05  4.1333049E-08
  5420.73291  1.68309907E-05  4.0321634E-08
  5453.37402  1.66293121E-05  3.93351627E-08
  5486.21191  1.64300563E-05  3.83729173E-08
  5519.24707  1.6233209E-05  3.7434134E-08
  5552.48096  1.60387226E-05  3.65185429E-08
  5585.91553  1.58465682E-05  3.56252876E-08
  5619.55176  1.56567221E-05  3.47540734E-08
  5653.39014  1.54691515E-05  3.3904378E-08
  5687.43164  1.52838438E-05  3.3074933E-08
  5721.67871  1.51007534E-05  3.22659446E-08
  5756.13232  1.49198604E-05  3.14768158E-08
  5790.79297  1.47411511E-05  3.07068433E-08
  5825.66211  1.45645863E-05  2.99559275E-08
  5860.7417  1.43901407E-05  2.92232656E-08
  5896.03223  1.42177896E-05  2.85085395E-08
  5931.53516  1.40475049E-05  2.78115024E-08
  5967.25244  1.38792739E-05  2.71314242E-08
  6003.18408  1.37130619E-05  2.64682107E-08
  6039.33301  1.3548839E-05  2.58210928E-08
  6075.69873  1.33865897E-05  2.51897063E-08
  6112.28369  1.32262821E-05  2.45739535E-08
  6149.08887  1.30679045E-05  2.39731506E-08
  6186.11572  1.29114323E-05  2.33870239E-08
  6223.36572  1.27568337E-05  2.28154136E-08
  6260.83984  1.2604095E-05  2.22576766E-08
  6298.53955  1.24531871E-05  2.17137366E-08
  6336.4668  1.23040854E-05  2.11831512E-08
  6374.62207  1.21567791E-05  2.06655333E-08
  6413.00684  1.20112381E-05  2.01607513E-08
  6451.62305  1.18674461E-05  1.96682759E-08
  6490.47119  1.1725384E-05  1.91878602E-08
  6529.55371  1.15850216E-05  1.87193603E-08
  6568.87207  1.1446341E-05  1.82622824E-08
  6608.42676  1.13093238E-05  1.78165269E-08
  6648.21973  1.11739491E-05  1.7381776E-08
  6688.25195  1.10402098E-05  1.69575944E-08
  6728.52539  1.09080693E-05  1.654392E-08
  6769.0415  1.0777514E-05  1.61403797E-08
  6809.80127  1.06485259E-05  1.57467355E-08
  6850.80664  1.05210811E-05  1.53628772E-08
  6892.05908  1.03951634E-05  1.49882666E-08
  6933.56006  1.02707536E-05  1.46229429E-08
  6975.31055  1.01478363E-05  1.42666572E-08
  7017.3125  1.00264006E-05  1.39190881E-08
  7059.56738  9.9064182E-06  1.35801628E-08
  7102.07715  9.78787466E-06  1.3249541E-08
  7144.84229  9.67075539E-06  1.29270159E-08
  7187.86523  9.55503492E-06  1.26125421E-08
  7231.14697  9.4407078E-06  1.2305712E-08
  7274.68945  9.32774856E-06  1.20064936E-08
  7318.49414  9.21614264E-06  1.17146906E-08
  7362.5625  9.10587369E-06  1.14300125E-08
  7406.89648  8.9969235E-06  1.11524221E-08
  7451.49756  8.88928298E-06  1.08815987E-08
  7496.36719  8.78293577E-06  1.06173834E-08
  7541.50635  8.67786184E-06  1.03597619E-08
  7586.91797  8.57404575E-06  1.01084838E-08
  7632.60254  8.47147294E-06  9.8634434E-09
  7678.5625  8.37012885E-06  9.62449853E-09
  7724.79932  8.27000531E-06  9.39136946E-09
  7771.31445  8.1710823E-06  9.16405707E-09
  7818.10938  8.07334163E-06  8.94232421E-09
  7865.18652  7.97677058E-06  8.72604033E-09
  7912.54688  7.8813564E-06  8.51515303E-09
  7960.19287  7.78708545E-06  8.30939317E-09
  8008.12549  7.6939441E-06  8.10871814E-09
  8056.3457  7.60191961E-06  7.91292454E-09
  8104.85742  7.51099924E-06  7.7218596E-09
  8153.66162  7.42116617E-06  7.53555085E-09
  8202.75879  7.33241086E-06  7.35387173E-09
  8252.15234  7.2447192E-06  7.17669213E-09
  8301.84277  7.15807664E-06  7.00393654E-09
  8351.83203  7.07247273E-06  6.8353736E-09
  8402.12305  6.98789154E-06  6.67099398E-09
  8452.7168  6.90432307E-06  6.51070264E-09
  8503.61523  6.82175687E-06  6.35428909E-09
  8554.82031  6.74017747E-06  6.20178753E-09
  8606.33301  6.65957896E-06  6.05307893E-09
  8658.15625  6.57994724E-06  5.90805271E-09
  8710.29199  6.5012664E-06  5.76666404E-09
  8762.74121  6.42352961E-06  5.62869662E-09
  8815.50586  6.34672415E-06  5.49415224E-09
  8868.58887  6.27083591E-06  5.36295941E-09
  8921.99121  6.19585762E-06  5.23493959E-09
  8975.71582  6.12177519E-06  5.11012255E-09
  9029.76367  6.04857996E-06  4.98839015E-09
  9084.13574  5.97626467E-06  4.86965979E-09
  9138.83594  5.90481204E-06  4.75389994E-09
  9193.86621  5.83421661E-06  4.6409756E-09
  9249.22754  5.76446701E-06  4.5308739E-09
  9304.92188  5.69555141E-06  4.42351578E-09
  9360.95117  5.62746027E-06  4.31873204E-09
  9417.31836  5.56018313E-06  4.21657553E-09
  9474.02539  5.49371134E-06  4.11695567E-09
  9531.07324  5.42803764E-06  4.01980671E-09
  9588.46484  5.36314883E-06  3.92509181E-09
  9646.20215  5.29903809E-06  3.83265109E-09
  9704.28711  5.23569588E-06  3.74249653E-09
  9762.72168  5.17310991E-06  3.65460284E-09
  9821.50879  5.111272E-06  3.56892227E-09
  9880.64844  5.05017533E-06  3.48539531E-09
  9940.14551  4.98980853E-06  3.40390982E-09
  10000.  4.9301666E-06  3.32439631E-09