Cr Density=7.19
 Energy(eV), Delta, Beta
  500.  0.00217012176  0.000502718613
  503.010742  0.00210298272  0.000489795057
  506.039673  0.00202274113  0.000480306888
  509.086792  0.00195416575  0.00047091188
  512.152283  0.00188833056  0.000461281306
  515.236206  0.00180957129  0.000450745749
  518.338745  0.00172992062  0.000443421013
  521.459961  0.0016473307  0.000434634916
  524.599915  0.00156646618  0.000426023093
  527.758789  0.00147523219  0.000417581963
  530.936707  0.00138170994  0.000411234971
  534.133728  0.00128129544  0.000404957187
  537.350037  0.00117382314  0.000396651099
  540.585693  0.00105536799  0.000390186295
  543.840881  0.000918288832  0.000380820304
  547.115601  0.000784341421  0.000371679576
  550.410095  0.000624311739  0.000362758932
  553.724426  0.000420363242  0.000354758173
  557.058716  0.000157732255  0.000348045753
  560.413025 -0.000157202288  0.000342355896
  563.787598 -0.000597003032  0.000337352336
  567.182434 -0.0012061951  0.000337028032
  570.597717 -0.00254526222  0.000371730188
  574.03363 -0.00732974615  0.00373391365
  577.490173  0.00190647063  0.00557489134
  580.967529 -0.000528478879  0.00256228121
  584.465881  0.00183790282  0.00845890492
  587.985229  0.00340341474  0.00398356747
  591.525818  0.00271203788  0.00326281809
  595.087708  0.00260139862  0.00282093813
  598.671021  0.00239928137  0.00256823679
  602.27594  0.00229948154  0.00239896146
  605.902527  0.0021869326  0.00226856326
  609.551025  0.00212532608  0.00220592809
  613.221497  0.00206586346  0.00210112403
  616.914001  0.00197425927  0.00206965045
  620.628784  0.00197543181  0.00206440082
  624.365845  0.00193275721  0.00198337389
  628.125549  0.00186009647  0.00198755064
  631.907837  0.00184662326  0.00203361083
  635.712891  0.00187133334  0.00205300935
  639.540771  0.00194020045  0.00204350054
  643.391846  0.00197667349  0.00197341619
  647.266052  0.00199622428  0.00190255605
  651.163574  0.00196616212  0.00181864202
  655.084534  0.00192998897  0.00178063172
  659.029175  0.00192218099  0.00179447501
  662.997559  0.00191479654  0.00180918071
  666.989807  0.00194840122  0.00176099699
  671.006104  0.00194050057  0.00167402334
  675.04657  0.00188760378  0.0016192128
  679.111389  0.00182468235  0.00159561494
  683.200684  0.00176072575  0.00160513993
  687.314575  0.00173276209  0.00165586057
  691.453308  0.00174545939  0.0016932881
  695.616821  0.00177857396  0.00170892593
  699.805542  0.00181251008  0.00169875275
  704.019409  0.00184336992  0.00167905353
  708.258728  0.00186856801  0.00164478424
  712.523499  0.00189290277  0.00161121506
  716.813965  0.0018991729  0.00156543439
  721.13031  0.00189582282  0.00151579001
  725.472656  0.00188487303  0.00147932442
  729.841064  0.0018614938  0.0014422735
  734.23584  0.00183429802  0.00142458442
  738.657043  0.00181869301  0.00141041365
  743.104858  0.00181788835  0.00141032808
  747.579529  0.00181684515  0.00141024368
  752.081116  0.00182551891  0.0014101587
  756.609802  0.00182933733  0.00138901768
  761.16571  0.00184055918  0.00136583438
  765.749084  0.00184738543  0.00133987807
  770.360107  0.00186374236  0.00130015507
  774.99884  0.00185764197  0.00127296371
  779.665527  0.00186225097  0.00123316818
  784.360291  0.00185159466  0.00119113328
  789.083374  0.00183090579  0.00114755973
  793.834778  0.00180237077  0.00111984264
  798.614929  0.00178124243  0.00110002293
  803.423828  0.00176343881  0.00108009111
  808.261658  0.00175492035  0.00105240464
  813.128601  0.00174654135  0.00102932774
  818.024902  0.00171394774  0.00102076668
  822.950684  0.00168188405  0.00101227616
  827.906067  0.00166213489  0.00100349821
  832.891357  0.00165664381  0.000994368689
  837.906616  0.00165104726  0.000985322404
  842.952087  0.00164515956  0.000966371736
  848.027954  0.00163913833  0.000945820764
  853.134399  0.00163249264  0.000925706583
  858.271545  0.00162379281  0.000906018948
  863.439697  0.00161506759  0.000886750058
  868.638855  0.00160482479  0.000867892057
  873.869446  0.00159356324  0.00084943499
  879.131409  0.00158234139  0.000831371348
  884.425171  0.00156992034  0.000813691644
  889.750793  0.00155752804  0.000796387671
  895.108398  0.00154495961  0.000779451395
  900.498352  0.00153200224  0.000762873562
  905.920654  0.00151913415  0.00074664905
  911.375732  0.00150585349  0.000730769418
  916.863647  0.00149248366  0.000715227332
  922.384521  0.00147918204  0.000700049684
  927.938721  0.00146566273  0.000685485487
  933.526306  0.00145225518  0.000671224843
  939.147522  0.00143882586  0.000657271012
  944.802612  0.00142536708  0.000643617532
  950.491821  0.00141202461  0.000630247814
  956.215271  0.00139858841  0.000617153884
  961.973145  0.00138523744  0.000604332483
  967.765625  0.0013719541  0.000591777381
  973.59314  0.00135862431  0.000579482818
  979.455566  0.0013454177  0.000567444018
  985.353394  0.00133220211  0.000555655453
  991.286743  0.0013190296  0.00054411171
  997.255798  0.00130598177  0.000532808132
  1003.26086  0.00129286991  0.000521738199
  1009.302  0.0012798839  0.000510898302
  1015.37958  0.00126696134  0.000500283088
  1021.49365  0.00125406077  0.000489889237
  1027.64465  0.00124128733  0.000479711161
  1033.83264  0.00122852612  0.000469745893
  1040.05786  0.00121585524  0.000459988049
  1046.32056  0.00120329414  0.000450432999
  1052.62097  0.00119074073  0.000441075856
  1058.95947  0.00117831514  0.000431913097
  1065.33594  0.00116595568  0.000422940531
  1071.75098  0.00115366385  0.000414153852
  1078.20447  0.00114149961  0.000405549828
  1084.69702  0.00112936145  0.000397123134
  1091.22852  0.0011173375  0.000388871849
  1097.79932  0.001105414  0.000380792277
  1104.40979  0.0010935436  0.000372881448
  1111.06006  0.00108179916  0.000365134882
  1117.75024  0.00107012095  0.000357550191
  1124.48083  0.00105853472  0.000350123213
  1131.25195  0.00104707119  0.000342850719
  1138.06384  0.0010356498  0.000335727091
  1144.91663  0.00102435204  0.00032875163
  1151.81091  0.00101314648  0.000321921136
  1158.74646  0.00100201846  0.000315233483
  1165.72388  0.000991011504  0.000308684772
  1172.74341  0.000980072422  0.000302272063
  1179.80505  0.000969238929  0.000295992737
  1186.9093  0.000958514633  0.00028984368
  1194.0564  0.000947856402  0.000283821602
  1201.24634  0.000937316159  0.000277924933
  1208.47974  0.00092686282  0.000272150879
  1215.75671  0.000916499761  0.000266496849
  1223.07727  0.00090625236  0.000260960427
  1230.44214  0.000896073761  0.000255539489
  1237.85132  0.000886004709  0.000250231475
  1245.30505  0.000876035483  0.000245033472
  1252.80371  0.000866146409  0.000239942819
  1260.34753  0.000856368511  0.000234957697
  1267.93677  0.00084667257  0.000230076126
  1275.57153  0.000837072439  0.00022529588
  1283.25244  0.000827579061  0.000220614937
  1290.97961  0.000818158966  0.000216031549
  1298.7533  0.000808845973  0.000211543345
  1306.57373  0.00079962454  0.000207148492
  1314.44128  0.000790488964  0.000202845287
  1322.35632  0.000781457464  0.000198631475
  1330.31897  0.000772506173  0.000194504726
  1338.32947  0.000763651915  0.000190463616
  1346.38818  0.000754894223  0.00018650663
  1354.49548  0.000746214995  0.000182632313
  1362.65173  0.000737635302  0.000178838629
  1370.85693  0.00072914199  0.000175123263
  1379.11157  0.000720736687  0.000171484717
  1387.41589  0.000712428184  0.000167921753
  1395.77026  0.000704197388  0.000164433164
  1404.17493  0.000696060248  0.000161017146
  1412.63025  0.000688011642  0.000157672126
  1421.13647  0.000680044002  0.000154396606
  1429.69385  0.000672168622  0.000151189161
  1438.30273  0.000664388121  0.000148048057
  1446.9635  0.000656699121  0.000144972233
  1455.67651  0.000649098889  0.000141960365
  1464.44189  0.000641585561  0.000139011536
  1473.26001  0.000634159194  0.000136123956
  1482.13135  0.00062682305  0.000133275389
  1491.05603  0.000619577244  0.000130461471
  1500.03442  0.00061241514  0.000127706968
  1509.06702  0.000605303794  0.000124947255
  1518.15393  0.000598268525  0.000122234153
  1527.29541  0.00059130264  0.000119580029
  1536.49207  0.000584370631  0.00011698356
  1545.74414  0.000577519764  0.000114443523
  1555.05188  0.000570730248  0.000111958492
  1564.41565  0.000564007089  0.000109527296
  1573.83582  0.00055736315  0.000107148888
  1583.31274  0.000550772995  0.000104822495
  1592.8468  0.00054425979  0.000102546706
  1602.43811  0.000537816784  0.000100320271
  1612.08728  0.000531436584  9.81419944E-05
  1621.79443  0.000525132171  9.60110265E-05
  1631.56018  0.000518889981  9.39261954E-05
  1641.38464  0.000512717292  9.18867081E-05
  1651.26819  0.000506616605  8.98915168E-05
  1661.21155  0.000500574766  8.79396539E-05
  1671.21448  0.000494605105  8.60301952E-05
  1681.27771  0.000488700287  8.41621804E-05
  1691.40161  0.000482859177  8.23348673E-05
  1701.58643  0.000477087859  8.05472082E-05
  1711.83264  0.000471375301  7.87980098E-05
  1722.14038  0.000465729478  7.70867482E-05
  1732.51038  0.000460149022  7.54126813E-05
  1742.94275  0.0004546282  7.37753362E-05
  1753.43787  0.000449173676  7.21735487E-05
  1763.99622  0.000443779456  7.06064311E-05
  1774.61829  0.000438446674  6.90732486E-05
  1785.3042  0.000433178007  6.75733172E-05
  1796.05432  0.000427964027  6.61062586E-05
  1806.86938  0.000422812591  6.46710469E-05
  1817.74951  0.000417721021  6.32669035E-05
  1828.69519  0.000412686961  6.18930935E-05
  1839.70667  0.000407713611  6.05490786E-05
  1850.78455  0.000402795442  5.92343386E-05
  1861.92908  0.000397934957  5.79481675E-05
  1873.14075  0.000393132417  5.66899325E-05
  1884.41992  0.000388382963  5.54591279E-05
  1895.76697  0.00038369096  5.42550588E-05
  1907.1825  0.00037905309  5.30769503E-05
  1918.66663  0.000374468946  5.19243586E-05
  1930.21985  0.000369940302  5.07968034E-05
  1941.84277  0.000365463289  4.96939392E-05
  1953.53552  0.00036104006  4.86150493E-05
  1965.29895  0.000356669392  4.7559497E-05
  1977.13306  0.00035234922  4.65267876E-05
  1989.03833  0.000348081376  4.55165136E-05
  2001.01538  0.000343863416  4.45281876E-05
  2013.06458  0.000339695602  4.35613401E-05
  2025.18628  0.000335578312  4.26154584E-05
  2037.38098  0.000331513525  4.16901894E-05
  2049.64917  0.000327497954  4.07850057E-05
  2061.99121  0.000323530607  3.9899438E-05
  2074.40747  0.000319610728  3.90330497E-05
  2086.89868  0.00031573826  3.81854297E-05
  2099.46484  0.000311910524  3.73432158E-05
  2112.10693  0.000308128365  3.65157357E-05
  2124.82495  0.000304390851  3.5706511E-05
  2137.61963  0.000300691288  3.49146685E-05
  2150.49146  0.000297036662  3.41403538E-05
  2163.44067  0.000293423043  3.33832431E-05
  2176.46777  0.000289850286  3.26429181E-05
  2189.57349  0.000286321039  3.19190076E-05
  2202.75806  0.000282831403  3.12110496E-05
  2216.02222  0.000279383908  3.05187605E-05
  2229.36597  0.000275977392  2.98418818E-05
  2242.79028  0.000272609526  2.91800843E-05
  2256.29517  0.000269282813  2.85329716E-05
  2269.88159  0.000265994953  2.79001688E-05
  2283.5498  0.000262746325  2.72813595E-05
  2297.30005  0.000259537366  2.66763072E-05
  2311.1333  0.000256365107  2.60846664E-05
  2325.0498  0.000253231643  2.55061532E-05
  2339.05029  0.000250135548  2.49404839E-05
  2353.13501  0.000247076212  2.4387391E-05
  2367.30444  0.000244054245  2.38465418E-05
  2381.55933  0.000241067697  2.33176543E-05
  2395.89966  0.000238117325  2.28004883E-05
  2410.3269  0.000235202679  2.22947965E-05
  2424.84058  0.000232322534  2.18003825E-05
  2439.44189  0.000229477606  2.13169133E-05
  2454.1311  0.000226666467  2.08441415E-05
  2468.90869  0.000223888972  2.03818236E-05
  2483.77539  0.000221145456  1.99297574E-05
  2498.73145  0.000218434914  1.94877539E-05
  2513.77783  0.000215757464  1.90555329E-05
  2528.91455  0.000213112464  1.86329326E-05
  2544.14258  0.000210498911  1.82197218E-05
  2559.46216  0.000207917386  1.78156788E-05
  2574.87402  0.000205366581  1.74205743E-05
  2590.37842  0.000202846684  1.70342282E-05
  2605.97656  0.000200357594  1.66564314E-05
  2621.66846  0.000197898436  1.62870019E-05
  2637.45508  0.000195469416  1.5925767E-05
  2653.33643  0.000193069936  1.55725811E-05
  2669.31372  0.000190699531  1.52272587E-05
  2685.38696  0.000188358274  1.48896124E-05
  2701.55713  0.000186044665  1.45593867E-05
  2717.82471  0.000183759243  1.42364734E-05
  2734.19019  0.000181501789  1.39207305E-05
  2750.6543  0.000179271578  1.3612007E-05
  2767.21704  0.00017706881  1.33101548E-05
  2783.88013  0.000174892659  1.30149547E-05
  2800.64355  0.000172742992  1.27263002E-05
  2817.50757  0.00017061978  1.24440512E-05
  2834.47314  0.000168521874  1.21680878E-05
  2851.54102  0.000166449667  1.18982307E-05
  2868.71167  0.000164402751  1.16343635E-05
  2885.9856  0.000162380646  1.13763299E-05
  2903.36377  0.000160383366  1.11240206E-05
  2920.84644  0.000158410126  1.08773365E-05
  2938.43433  0.000156460897  1.06361349E-05
  2956.12842  0.000154535577  1.04002693E-05
  2973.92871  0.000152633744  1.01696314E-05
  2991.83643  0.000150755252  9.94409766E-06
  3009.85181  0.000148899562  9.72356247E-06
  3027.97559  0.000147066312  9.507904E-06
  3046.20874  0.000145255573  9.29702492E-06
  3064.55151  0.000143466546  9.09085065E-06
  3083.00464  0.000141699435  8.88925297E-06
  3101.56909  0.000139953947  8.69212272E-06
  3120.24536  0.000138229603  8.49935077E-06
  3139.03394  0.000136526476  8.31085435E-06
  3157.93579  0.000134843911  8.12655071E-06
  3176.95142  0.000133181791  7.9463307E-06
  3196.0813  0.000131540175  7.77012065E-06
  3215.3269  0.000129918335  7.59781369E-06
  3234.68799  0.000128316475  7.42932934E-06
  3254.16553  0.000126734056  7.26457574E-06
  3273.76074  0.000125170569  7.10346285E-06
  3293.47388  0.000123626363  6.94592518E-06
  3313.30566  0.000122100901  6.79188906E-06
  3333.25684  0.000120594144  6.64127037E-06
  3353.32788  0.000119105884  6.49399544E-06
  3373.52002  0.000117635274  6.34998378E-06
  3393.83398  0.000116182768  6.20915444E-06
  3414.27002  0.000114747847  6.07145967E-06
  3434.82935  0.000113330228  5.93681671E-06
  3455.51196  0.000111930152  5.80516235E-06
  3476.31958  0.000110546833  5.67643474E-06
  3497.2522  0.000109180546  5.55056431E-06
  3518.31104  0.000107830892  5.42748239E-06
  3539.49658  0.000106497238  5.3071235E-06
  3560.80981  0.000105180065  5.18943352E-06
  3582.25122  0.000103878738  5.07435516E-06
  3603.82202  0.000102593229  4.96182111E-06
  3625.52271  0.000101323611  4.8517918E-06
  3647.35376  0.000100068872  4.74419539E-06
  3669.31641  9.88296379E-05  4.6389855E-06
  3691.41138  9.76053707E-05  4.53611256E-06
  3713.63916  9.639567E-05  4.43552835E-06
  3736.00098  9.52009359E-05  4.33717378E-06
  3758.49756  9.40202663E-05  4.24100472E-06
  3781.12939  9.2854003E-05  4.14696979E-06
  3803.89771  9.17020589E-05  4.05501851E-06
  3826.80273  9.05636334E-05  3.96509586E-06
  3849.84595  8.94392942E-05  3.87716136E-06
  3873.02808  8.83282119E-05  3.7911841E-06
  3896.34937  8.72303062E-05  3.70711473E-06
  3919.81152  8.61460067E-05  3.62490982E-06
  3943.41479  8.50743018E-05  3.54453528E-06
  3967.16016  8.40157954E-05  3.46594447E-06
  3991.04858  8.29700948E-05  3.38909513E-06
  4015.08081  8.19365014E-05  3.31394722E-06
  4039.25757  8.09157718E-05  3.24046619E-06
  4063.58008  7.99068584E-05  3.16861178E-06
  4088.04883  7.89100668E-05  3.09835013E-06
  4112.66504  7.79256079E-05  3.02964168E-06
  4137.42969  7.6951932E-05  2.96246526E-06
  4162.34326  7.59903996E-05  2.89677882E-06
  4187.40771  7.50402105E-05  2.83254894E-06
  4212.62158  7.41010663E-05  2.7697472E-06
  4237.98828  7.31736145E-05  2.70833675E-06
  4263.50732  7.225632E-05  2.64828191E-06
  4289.18018  7.13501213E-05  2.58955765E-06
  4315.00781  7.04549602E-05  2.5321367E-06
  4340.99072  6.95695708E-05  2.47599405E-06
  4367.12988  6.86952844E-05  2.42110036E-06
  4393.42676  6.78307697E-05  2.36742221E-06
  4419.88184  6.6976143E-05  2.314933E-06
  4446.49658  6.6132241E-05  2.26360771E-06
  4473.27148  6.52970193E-05  2.21342043E-06
  4500.20703  6.44721804E-05  2.16434637E-06
  4527.30518  6.36569021E-05  2.11636006E-06
  4554.56641  6.28500784E-05  2.06943696E-06
  4581.99219  6.20534192E-05  2.02355432E-06
  4609.58252  6.12650256E-05  1.97869076E-06
  4637.33936  6.04857414E-05  1.93481924E-06
  4665.26318  5.9716167E-05  1.89192417E-06
  4693.35498  5.89534538E-05  1.84998328E-06
  4721.61621  5.82004322E-05  1.80897212E-06
  4750.04785  5.74554579E-05  1.7688684E-06
  4778.65039  5.67180323E-05  1.72965224E-06
  4807.4248  5.59900291E-05  1.69130578E-06
  4836.37305  5.52680358E-05  1.65381095E-06
  4865.49512  5.45545736E-05  1.61714831E-06
  4894.79297  5.38493769E-05  1.58129876E-06
  4924.26709  5.31495934E-05  1.54624206E-06
  4953.91895  5.24588468E-05  1.51196537E-06
  4983.74902  5.17740045E-05  1.47844901E-06
  5013.75879  5.10957943E-05  1.44567582E-06
  5043.94922  5.04263917E-05  1.41362921E-06
  5074.32178  4.97597102E-05  1.38229132E-06
  5104.87695  4.9101458E-05  1.35164873E-06
  5135.61572  4.8449383E-05  1.3216868E-06
  5166.54004  4.78009169E-05  1.29239083E-06
  5197.65039  4.71610329E-05  1.26374471E-06
  5228.94873  4.65230223E-05  1.23573045E-06
  5260.43457  4.58908471E-05  1.2083392E-06
  5292.11035  4.52661479E-05  1.18155526E-06
  5323.97705  4.46393642E-05  1.15536432E-06
  5356.03564  4.40210933E-05  1.1297542E-06
  5388.28711  4.34042413E-05  1.10471387E-06
  5420.73291  4.27878476E-05  1.08023085E-06
  5453.37402  4.2179985E-05  1.05629067E-06
  5486.21191  4.15634458E-05  1.0328788E-06
  5519.24707  4.09524364E-05  1.00998602E-06
  5552.48096  4.03436024E-05  9.8760097E-07
  5585.91553  3.97206604E-05  9.65710797E-07
  5619.55176  3.9106857E-05  9.44307601E-07
  5653.39014  3.84742925E-05  9.23380185E-07
  5687.43164  3.78328077E-05  9.0291735E-07
  5721.67871  3.72011455E-05  8.82908182E-07
  5756.13232  3.64960288E-05  8.63341938E-07
  5790.79297  3.58004108E-05  8.44209637E-07
  5825.66211  3.50389018E-05  8.25502013E-07
  5860.7417  3.41511368E-05  8.07209119E-07
  5896.03223  3.32795717E-05  7.89322144E-07
  5931.53516  2.99096555E-05  7.71831651E-07
  5967.25244  2.57060619E-05  7.54727694E-07
  6003.18408 -4.86494791E-05  6.10422467E-06
  6039.33301 -1.22226047E-05  5.97666758E-06
  6075.69873  2.33416722E-05  5.85177759E-06
  6112.28369  3.16916376E-05  5.72949284E-06
  6149.08887  3.17815648E-05  5.60976241E-06
  6186.11572  3.18385137E-05  5.49253355E-06
  6223.36572  3.1732463E-05  5.37774531E-06
  6260.83984  3.16244113E-05  5.26535678E-06
  6298.53955  3.14753124E-05  5.15532292E-06
  6336.4668  3.12896882E-05  5.04758646E-06
  6374.62207  3.11039876E-05  4.94210872E-06
  6413.00684  3.08816925E-05  4.83883696E-06
  6451.62305  3.06562033E-05  4.73772161E-06
  6490.47119  3.04245768E-05  4.63872175E-06
  6529.55371  3.01757282E-05  4.54179008E-06
  6568.87207  2.99284802E-05  4.44688385E-06
  6608.42676  2.96713843E-05  4.35395805E-06
  6648.21973  2.9410201E-05  4.2629722E-06
  6688.25195  2.9150604E-05  4.17388901E-06
  6728.52539  2.88808587E-05  4.08666619E-06
  6769.0415  2.86133836E-05  4.00127237E-06
  6809.80127  2.83442605E-05  3.91766207E-06
  6850.80664  2.80719414E-05  3.83579663E-06
  6892.05908  2.78020816E-05  3.75564196E-06
  6933.56006  2.75288712E-05  3.67716416E-06
  6975.31055  2.72567013E-05  3.60032664E-06
  7017.3125  2.69861193E-05  3.52509483E-06
  7059.56738  2.67132909E-05  3.45143371E-06
  7102.07715  2.64431292E-05  3.37931192E-06
  7144.84229  2.61730438E-05  3.30869489E-06
  7187.86523  2.59035114E-05  3.23955965E-06
  7231.14697  2.56366857E-05  3.17186914E-06
  7274.68945  2.53691378E-05  3.10559221E-06
  7318.49414  2.51040492E-05  3.04070045E-06
  7362.5625  2.48409415E-05  2.97716474E-06
  7406.89648  2.45788651E-05  2.91495462E-06
  7451.49756  2.43195027E-05  2.85404531E-06
  7496.36719  2.40610043E-05  2.79388451E-06
  7541.50635  2.38043685E-05  2.73475234E-06
  7586.91797  2.35502648E-05  2.67676933E-06
  7632.60254  2.32962593E-05  2.61842024E-06
  7678.5625  2.30449568E-05  2.5613474E-06
  7724.79932  2.27950459E-05  2.50551739E-06
  7771.31445  2.25461899E-05  2.45090359E-06
  7818.10938  2.23000261E-05  2.39748078E-06
  7865.18652  2.20547354E-05  2.34522145E-06
  7912.54688  2.18117275E-05  2.29410216E-06
  7960.19287  2.15710243E-05  2.24409746E-06
  8008.12549  2.13315288E-05  2.19518552E-06
  8056.3457  2.10946873E-05  2.14734041E-06
  8104.85742  2.08595538E-05  2.10053713E-06
  8153.66162  2.06263685E-05  2.05474998E-06
  8202.75879  2.03957788E-05  2.0099651E-06
  8252.15234  2.01665007E-05  1.96615815E-06
  8301.84277  1.99397255E-05  1.9233064E-06
  8351.83203  1.97151239E-05  1.88138858E-06
  8402.12305  1.94922904E-05  1.84038265E-06
  8452.7168  1.92719672E-05  1.80027075E-06
  8503.61523  1.90533774E-05  1.76103208E-06
  8554.82031  1.88369522E-05  1.72264811E-06
  8606.33301  1.86229081E-05  1.68510167E-06
  8658.15625  1.84105156E-05  1.64837274E-06
  8710.29199  1.82005369E-05  1.61244725E-06
  8762.74121  1.79925792E-05  1.57730665E-06
  8815.50586  1.77865713E-05  1.54293423E-06
  8868.58887  1.75829173E-05  1.50931112E-06
  8921.99121  1.73810131E-05  1.47641515E-06
  8975.71582  1.71813117E-05  1.44423484E-06
  9029.76367  1.69837731E-05  1.41275711E-06
  9084.13574  1.67880535E-05  1.38196845E-06
  9138.83594  1.65945803E-05  1.35185064E-06
  9193.86621  1.64030098E-05  1.32238802E-06
  9249.22754  1.62134311E-05  1.29357022E-06
  9304.92188  1.60260424E-05  1.26538077E-06
  9360.95117  1.58403545E-05  1.2378066E-06
  9417.31836  1.56568021E-05  1.2108336E-06
  9474.02539  1.54752288E-05  1.18444791E-06
  9531.07324  1.52954963E-05  1.15863668E-06
  9588.46484  1.51178483E-05  1.13338797E-06
  9646.20215  1.4942003E-05  1.10868882E-06
  9704.28711  1.47681085E-05  1.08452764E-06
  9762.72168  1.45962176E-05  1.06089362E-06
  9821.50879  1.4426163E-05  1.03777518E-06
  9880.64844  1.42580911E-05  1.01516252E-06
  9940.14551  1.4091931E-05  9.93040771E-07
  10000.  1.39276626E-05  9.71399686E-07